# Time-averaged data for fix 5
# TimeStep c_msd[4]
35010 149.367
35020 149.371
35030 149.382
35040 149.385
35050 149.384
35060 149.406
35070 149.437
35080 149.452
35090 149.455
35100 149.49
35110 149.546
35120 149.581
35130 149.604
35140 149.636
35150 149.664
35160 149.66
35170 149.664
35180 149.655
35190 149.648
35200 149.636
35210 149.621
35220 149.617
35230 149.622
35240 149.654
35250 149.67
35260 149.671
35270 149.658
35280 149.628
35290 149.604
35300 149.582
35310 149.552
35320 149.536
35330 149.53
35340 149.533
35350 149.534
35360 149.526
35370 149.526
35380 149.547
35390 149.575
35400 149.597
35410 149.6
35420 149.59
35430 149.591
35440 149.604
35450 149.638
35460 149.642
35470 149.65
35480 149.67
35490 149.695
35500 149.706
35510 149.713
35520 149.715
35530 149.711
35540 149.714
35550 149.744
35560 149.77
35570 149.801
35580 149.831
35590 149.85
35600 149.851
35610 149.843
35620 149.827
35630 149.802
35640 149.784
35650 149.773
35660 149.755
35670 149.716
35680 149.689
35690 149.676
35700 149.683
35710 149.705
35720 149.707
35730 149.698
35740 149.687
35750 149.691
35760 149.71
35770 149.717
35780 149.726
35790 149.731
35800 149.746
35810 149.743
35820 149.729
35830 149.746
35840 149.8
35850 149.841
35860 149.842
35870 149.82
35880 149.818
35890 149.822
35900 149.811
35910 149.817
35920 149.83
35930 149.83
35940 149.815
35950 149.805
35960 149.808
35970 149.81
35980 149.818
35990 149.821
36000 149.827
36010 149.833
36020 149.824
36030 149.802
36040 149.79
36050 149.792
36060 149.799
36070 149.793
36080 149.779
36090 149.77
36100 149.752
36110 149.731
36120 149.729
36130 149.733
36140 149.735
36150 149.735
36160 149.738
36170 149.728
36180 149.72
36190 149.709
36200 149.712
36210 149.731
36220 149.738
36230 149.734
36240 149.729
36250 149.738
36260 149.769
36270 149.8
36280 149.825
36290 149.844
36300 149.847
36310 149.85
36320 149.856
36330 149.865
36340 149.877
36350 149.885
36360 149.886
36370 149.882
36380 149.897
36390 149.93
36400 149.964
36410 149.995
36420 150.034
36430 150.053
36440 150.052
36450 150.049
36460 150.045
36470 150.036
36480 150.037
36490 150.029
36500 150.022
36510 150.005
36520 149.978
36530 149.949
36540 149.928
36550 149.924
36560 149.934
36570 149.96
36580 150
36590 150.04
36600 150.066
36610 150.082
36620 150.112
36630 150.122
36640 150.134
36650 150.146
36660 150.132
36670 150.122
36680 150.118
36690 150.113
36700 150.106
36710 150.099
36720 150.087
36730 150.084
36740 150.093
36750 150.108
36760 150.122
36770 150.127
36780 150.11
36790 150.095
36800 150.091
36810 150.074
36820 150.08
36830 150.085
36840 150.097
36850 150.096
36860 150.092
36870 150.087
36880 150.076
36890 150.069
36900 150.075
36910 150.093
36920 150.107
36930 150.111
36940 150.128
36950 150.141
36960 150.156
36970 150.176
36980 150.187
36990 150.203
37000 150.22
37010 150.235
37020 150.256
37030 150.254
37040 150.244
37050 150.238
37060 150.234
37070 150.241
37080 150.272
37090 150.29
37100 150.312
37110 150.329
37120 150.34
37130 150.357
37140 150.357
37150 150.348
37160 150.337
37170 150.34
37180 150.343
37190 150.345
37200 150.347
37210 150.357
37220 150.37
37230 150.377
37240 150.374
37250 150.383
37260 150.394
37270 150.398
37280 150.383
37290 150.377
37300 150.399
37310 150.413
37320 150.42
37330 150.431
37340 150.464
37350 150.498
37360 150.526
37370 150.526
37380 150.525
37390 150.526
37400 150.523
37410 150.527
37420 150.537
37430 150.56
37440 150.58
37450 150.607
37460 150.637
37470 150.647
37480 150.66
37490 150.669
37500 150.681
37510 150.686
37520 150.684
37530 150.695
37540 150.689
37550 150.669
37560 150.645
37570 150.631
37580 150.618
37590 150.606
37600 150.58
37610 150.568
37620 150.568
37630 150.57
37640 150.562
37650 150.554
37660 150.558
37670 150.55
37680 150.55
37690 150.547
37700 150.539
37710 150.539
37720 150.553
37730 150.571
37740 150.593
37750 150.607
37760 150.614
37770 150.641
37780 150.654
37790 150.642
37800 150.631
37810 150.633
37820 150.646
37830 150.642
37840 150.635
37850 150.653
37860 150.68
37870 150.701
37880 150.707
37890 150.694
37900 150.697
37910 150.695
37920 150.689
37930 150.662
37940 150.637
37950 150.612
37960 150.619
37970 150.644
37980 150.636
37990 150.63
38000 150.648
38010 150.654
38020 150.639
38030 150.635
38040 150.642
38050 150.639
38060 150.65
38070 150.678
38080 150.699
38090 150.715
38100 150.72
38110 150.74
38120 150.77
38130 150.797
38140 150.815
38150 150.846
38160 150.86
38170 150.855
38180 150.861
38190 150.881
38200 150.899
38210 150.905
38220 150.886
38230 150.86
38240 150.855
38250 150.863
38260 150.86
38270 150.853
38280 150.823
38290 150.8
38300 150.775
38310 150.755
38320 150.758
38330 150.771
38340 150.793
38350 150.84
38360 150.874
38370 150.882
38380 150.912
38390 150.935
38400 150.955
38410 150.953
38420 150.93
38430 150.919
38440 150.931
38450 150.947
38460 150.946
38470 150.939
38480 150.904
38490 150.861
38500 150.833
38510 150.805
38520 150.778
38530 150.752
38540 150.747
38550 150.737
38560 150.741
38570 150.78
38580 150.828
38590 150.864
38600 150.889
38610 150.906
38620 150.908
38630 150.91
38640 150.919
38650 150.944
38660 150.959
38670 150.97
38680 150.99
38690 151.016
38700 151.034
38710 151.035
38720 151.03
38730 151.013
38740 151.026
38750 151.043
38760 151.05
38770 151.073
38780 151.086
38790 151.089
38800 151.091
38810 151.079
38820 151.072
38830 151.076
38840 151.072
38850 151.06
38860 151.043
38870 151.036
38880 151.04
38890 151.055
38900 151.069
38910 151.079
38920 151.102
38930 151.11
38940 151.094
38950 151.093
38960 151.095
38970 151.091
38980 151.084
38990 151.075
39000 151.073
39010 151.068
39020 151.061
39030 151.068
39040 151.085
39050 151.116
39060 151.151
39070 151.171
39080 151.189
39090 151.19
39100 151.189
39110 151.19
39120 151.186
39130 151.198
39140 151.19
39150 151.183
39160 151.181
39170 151.167
39180 151.155
39190 151.158
39200 151.166
39210 151.178
39220 151.18
39230 151.198
39240 151.206
39250 151.202
39260 151.197
39270 151.182
39280 151.152
39290 151.138
39300 151.143
39310 151.153
39320 151.175
39330 151.192
39340 151.206
39350 151.206
39360 151.194
39370 151.182
39380 151.167
39390 151.16
39400 151.148
39410 151.142
39420 151.129
39430 151.115
39440 151.108
39450 151.124
39460 151.127
39470 151.131
39480 151.148
39490 151.154
39500 151.148
39510 151.146
39520 151.141
39530 151.134
39540 151.148
39550 151.172
39560 151.187
39570 151.203
39580 151.22
39590 151.247
39600 151.271
39610 151.271
39620 151.258
39630 151.257
39640 151.238
39650 151.218
39660 151.224
39670 151.244
39680 151.253
39690 151.269
39700 151.281
39710 151.301
39720 151.343
39730 151.377
39740 151.365
39750 151.354
39760 151.361
39770 151.367
39780 151.383
39790 151.371
39800 151.343
39810 151.346
39820 151.348
39830 151.356
39840 151.36
39850 151.354
39860 151.363
39870 151.363
39880 151.361
39890 151.343
39900 151.331
39910 151.332
39920 151.33
39930 151.333
39940 151.337
39950 151.343
39960 151.34
39970 151.334
39980 151.315
39990 151.307
40000 151.307
40010 151.311
40020 151.334
40030 151.367
40040 151.41
40050 151.441
40060 151.467
40070 151.47
40080 151.478
40090 151.476
40100 151.485
40110 151.492
40120 151.52
40130 151.526
40140 151.523
40150 151.525
40160 151.53
40170 151.539
40180 151.552
40190 151.563
40200 151.571
40210 151.592
40220 151.621
40230 151.64
40240 151.65
40250 151.646
40260 151.649
40270 151.652
40280 151.646
40290 151.639
40300 151.634
40310 151.638
40320 151.65
40330 151.656
40340 151.658
40350 151.684
40360 151.721
40370 151.747
40380 151.765
40390 151.759
40400 151.756
40410 151.761
40420 151.776
40430 151.812
40440 151.827
40450 151.856
40460 151.882
40470 151.894
40480 151.907
40490 151.886
40500 151.848
40510 151.832
40520 151.82
40530 151.816
40540 151.823
40550 151.845
40560 151.864
40570 151.882
40580 151.891
40590 151.892
40600 151.871
40610 151.854
40620 151.838
40630 151.841
40640 151.838
40650 151.82
40660 151.826
40670 151.86
40680 151.891
40690 151.912
40700 151.943
40710 151.97
40720 151.987
40730 152.001
40740 152.012
40750 152.019
40760 152.013
40770 152.012
40780 152.011
40790 152.031
40800 152.022
40810 151.992
40820 151.981
40830 151.976
40840 151.992
40850 151.993
40860 151.974
40870 151.953
40880 151.942
40890 151.935
40900 151.943
40910 151.955
40920 151.964
40930 151.965
40940 151.981
40950 151.996
40960 152.013
40970 152.032
40980 152.055
40990 152.091
41000 152.097
41010 152.104
41020 152.093
41030 152.097
41040 152.11
41050 152.122
41060 152.122
41070 152.125
41080 152.125
41090 152.123
41100 152.124
41110 152.131
41120 152.141
41130 152.134
41140 152.108
41150 152.112
41160 152.1
41170 152.092
41180 152.099
41190 152.104
41200 152.116
41210 152.123
41220 152.126
41230 152.129
41240 152.142
41250 152.143
41260 152.142
41270 152.135
41280 152.12
41290 152.105
41300 152.094
41310 152.08
41320 152.063
41330 152.05
41340 152.064
41350 152.084
41360 152.102
41370 152.118
41380 152.132
41390 152.153
41400 152.18
41410 152.201
41420 152.205
41430 152.216
41440 152.217
41450 152.219
41460 152.236
41470 152.249
41480 152.243
41490 152.247
41500 152.239
41510 152.234
41520 152.245
41530 152.261
41540 152.263
41550 152.269
41560 152.281
41570 152.291
41580 152.309
41590 152.329
41600 152.347
41610 152.35
41620 152.332
41630 152.303
41640 152.295
41650 152.297
41660 152.296
41670 152.323
41680 152.349
41690 152.378
41700 152.404
41710 152.418
41720 152.396
41730 152.383
41740 152.389
41750 152.406
41760 152.42
41770 152.429
41780 152.437
41790 152.43
41800 152.432
41810 152.462
41820 152.502
41830 152.528
41840 152.533
41850 152.533
41860 152.522
41870 152.519
41880 152.508
41890 152.496
41900 152.488
41910 152.487
41920 152.482
41930 152.484
41940 152.481
41950 152.513
41960 152.548
41970 152.57
41980 152.582
41990 152.584
42000 152.584
42010 152.588
42020 152.6
42030 152.606
42040 152.597
42050 152.574
42060 152.571
42070 152.584
42080 152.592
42090 152.589
42100 152.594
42110 152.592
42120 152.599
42130 152.608
42140 152.616
42150 152.622
42160 152.609
42170 152.587
42180 152.563
42190 152.543
42200 152.518
42210 152.498
42220 152.514
42230 152.547
42240 152.571
42250 152.568
42260 152.556
42270 152.559
42280 152.561
42290 152.594
42300 152.617
42310 152.644
42320 152.656
42330 152.662
42340 152.671
42350 152.667
42360 152.666
42370 152.665
42380 152.66
42390 152.67
42400 152.679
42410 152.687
42420 152.68
42430 152.668
42440 152.668
42450 152.656
42460 152.656
42470 152.646
42480 152.648
42490 152.648
42500 152.636
42510 152.635
42520 152.62
42530 152.619
42540 152.647
42550 152.669
42560 152.678
42570 152.681
42580 152.69
42590 152.717
42600 152.736
42610 152.767
42620 152.806
42630 152.842
42640 152.851
42650 152.832
42660 152.82
42670 152.835
42680 152.836
42690 152.84
42700 152.847
42710 152.852
42720 152.868
42730 152.895
42740 152.913
42750 152.921
42760 152.92
42770 152.908
42780 152.896
42790 152.876
42800 152.852
42810 152.839
42820 152.833
42830 152.832
42840 152.842
42850 152.849
42860 152.859
42870 152.877
42880 152.889
42890 152.88
42900 152.85
42910 152.841
42920 152.84
42930 152.848
42940 152.866
42950 152.881
42960 152.896
42970 152.91
42980 152.909
42990 152.903
43000 152.894
43010 152.896
43020 152.907
43030 152.904
43040 152.917
43050 152.932
43060 152.923
43070 152.934
43080 152.955
43090 152.956
43100 152.949
43110 152.954
43120 152.97
43130 152.996
43140 153.024
43150 153.046
43160 153.055
43170 153.054
43180 153.055
43190 153.057
43200 153.052
43210 153.046
43220 153.057
43230 153.068
43240 153.066
43250 153.044
43260 153.037
43270 153.046
43280 153.066
43290 153.085
43300 153.091
43310 153.074
43320 153.06
43330 153.054
43340 153.062
43350 153.074
43360 153.079
43370 153.09
43380 153.085
43390 153.059
43400 153.038
43410 153.018
43420 153.011
43430 153.02
43440 153.036
43450 153.065
43460 153.082
43470 153.085
43480 153.092
43490 153.107
43500 153.132
43510 153.174
43520 153.2
43530 153.208
43540 153.199
43550 153.195
43560 153.195
43570 153.195
43580 153.2
43590 153.199
43600 153.191
43610 153.176
43620 153.185
43630 153.199
43640 153.191
43650 153.182
43660 153.186
43670 153.198
43680 153.203
43690 153.214
43700 153.221
43710 153.22
43720 153.226
43730 153.21
43740 153.197
43750 153.202
43760 153.192
43770 153.21
43780 153.246
43790 153.291
43800 153.323
43810 153.329
43820 153.346
43830 153.349
43840 153.339
43850 153.333
43860 153.357
43870 153.37
43880 153.393
43890 153.411
43900 153.411
43910 153.411
43920 153.425
43930 153.462
43940 153.487
43950 153.504
43960 153.515
43970 153.526
43980 153.54
43990 153.515
44000 153.497
44010 153.505
44020 153.526
44030 153.549
44040 153.55
44050 153.558
44060 153.569
44070 153.575
44080 153.576
44090 153.57
44100 153.572
44110 153.579
44120 153.598
44130 153.622
44140 153.637
44150 153.628
44160 153.63
44170 153.613
44180 153.586
44190 153.574
44200 153.568
44210 153.573
44220 153.576
44230 153.575
44240 153.578
44250 153.579
44260 153.592
44270 153.614
44280 153.64
44290 153.669
44300 153.703
44310 153.731
44320 153.746
44330 153.752
44340 153.749
44350 153.741
44360 153.714
44370 153.69
44380 153.668
44390 153.688
44400 153.738
44410 153.762
44420 153.783
44430 153.803
44440 153.788
44450 153.781
44460 153.781
44470 153.766
44480 153.747
44490 153.755
44500 153.782
44510 153.808
44520 153.812
44530 153.825
44540 153.836
44550 153.838
44560 153.836
44570 153.853
44580 153.855
44590 153.85
44600 153.859
44610 153.87
44620 153.873
44630 153.866
44640 153.854
44650 153.847
44660 153.851
44670 153.856
44680 153.862
44690 153.878
44700 153.896
44710 153.904
44720 153.918
44730 153.923
44740 153.918
44750 153.918
44760 153.926
44770 153.926
44780 153.922
44790 153.89
44800 153.894
44810 153.927
44820 153.944
44830 153.955
44840 153.956
44850 153.941
44860 153.93
44870 153.917
44880 153.919
44890 153.915
44900 153.906
44910 153.918
44920 153.954
44930 153.99
44940 154.012
44950 154.034
44960 154.059
44970 154.06
44980 154.068
44990 154.087
45000 154.099
45010 154.116
45020 154.125
45030 154.144
45040 154.17
45050 154.175
45060 154.174
45070 154.162
45080 154.154
45090 154.135
45100 154.11
45110 154.09
45120 154.083
45130 154.101
45140 154.124
45150 154.14
45160 154.123
45170 154.111
45180 154.123
45190 154.14
45200 154.142
45210 154.141
45220 154.144
45230 154.14
45240 154.136
45250 154.11
45260 154.078
45270 154.061
45280 154.052
45290 154.066
45300 154.095
45310 154.126
45320 154.142
45330 154.148
45340 154.161
45350 154.187
45360 154.198
45370 154.189
45380 154.157
45390 154.145
45400 154.157
45410 154.17
45420 154.183
45430 154.184
45440 154.18
45450 154.17
45460 154.167
45470 154.153
45480 154.151
45490 154.157
45500 154.17
45510 154.179
45520 154.193
45530 154.213
45540 154.226
45550 154.232
45560 154.245
45570 154.253
45580 154.262
45590 154.274
45600 154.289
45610 154.316
45620 154.347
45630 154.366
45640 154.39
45650 154.416
45660 154.455
45670 154.487
45680 154.492
45690 154.477
45700 154.432
45710 154.387
45720 154.381
45730 154.39
45740 154.405
45750 154.416
45760 154.424
45770 154.423
45780 154.42
45790 154.432
45800 154.455
45810 154.453
45820 154.431
45830 154.403
45840 154.387
45850 154.385
45860 154.382
45870 154.386
45880 154.382
45890 154.356
45900 154.339
45910 154.34
45920 154.347
45930 154.341
45940 154.341
45950 154.362
45960 154.377
45970 154.381
45980 154.377
45990 154.373
46000 154.363
46010 154.359
46020 154.376
46030 154.397
46040 154.376
46050 154.353
46060 154.333
46070 154.338
46080 154.326
46090 154.321
46100 154.334
46110 154.346
46120 154.357
46130 154.361
46140 154.37
46150 154.39
46160 154.412
46170 154.432
46180 154.444
46190 154.441
46200 154.456
46210 154.472
46220 154.498
46230 154.517
46240 154.531
46250 154.547
46260 154.553
46270 154.556
46280 154.549
46290 154.547
46300 154.521
46310 154.492
46320 154.471
46330 154.458
46340 154.453
46350 154.448
46360 154.454
46370 154.474
46380 154.472
46390 154.467
46400 154.474
46410 154.477
46420 154.499
46430 154.486
46440 154.456
46450 154.439
46460 154.423
46470 154.437
46480 154.439
46490 154.44
46500 154.45
46510 154.465
46520 154.49
46530 154.518
46540 154.556
46550 154.581
46560 154.58
46570 154.581
46580 154.595
46590 154.605
46600 154.597
46610 154.591
46620 154.592
46630 154.578
46640 154.567
46650 154.561
46660 154.558
46670 154.547
46680 154.543
46690 154.55
46700 154.553
46710 154.546
46720 154.546
46730 154.548
46740 154.553
46750 154.565
46760 154.57
46770 154.573
46780 154.571
46790 154.575
46800 154.584
46810 154.57
46820 154.559
46830 154.558
46840 154.566
46850 154.578
46860 154.584
46870 154.582
46880 154.594
46890 154.614
46900 154.616
46910 154.628
46920 154.642
46930 154.652
46940 154.652
46950 154.628
46960 154.591
46970 154.563
46980 154.559
46990 154.567
47000 154.58
47010 154.58
47020 154.59
47030 154.593
47040 154.603
47050 154.627
47060 154.662
47070 154.704
47080 154.743
47090 154.764
47100 154.752
47110 154.726
47120 154.703
47130 154.691
47140 154.698
47150 154.701
47160 154.717
47170 154.74
47180 154.746
47190 154.757
47200 154.775
47210 154.79
47220 154.803
47230 154.798
47240 154.783
47250 154.77
47260 154.767
47270 154.784
47280 154.796
47290 154.813
47300 154.83
47310 154.847
47320 154.846
47330 154.842
47340 154.833
47350 154.844
47360 154.846
47370 154.822
47380 154.794
47390 154.779
47400 154.787
47410 154.804
47420 154.81
47430 154.812
47440 154.839
47450 154.877
47460 154.903
47470 154.914
47480 154.916
47490 154.924
47500 154.934
47510 154.946
47520 154.952
47530 154.94
47540 154.933
47550 154.925
47560 154.93
47570 154.927
47580 154.929
47590 154.934
47600 154.927
47610 154.91
47620 154.896
47630 154.908
47640 154.909
47650 154.901
47660 154.872
47670 154.845
47680 154.828
47690 154.833
47700 154.841
47710 154.847
47720 154.864
47730 154.875
47740 154.869
47750 154.864
47760 154.862
47770 154.865
47780 154.88
47790 154.884
47800 154.89
47810 154.892
47820 154.884
47830 154.876
47840 154.869
47850 154.872
47860 154.856
47870 154.868
47880 154.894
47890 154.911
47900 154.927
47910 154.927
47920 154.929
47930 154.927
47940 154.905
47950 154.894
47960 154.888
47970 154.915
47980 154.933
47990 154.956
48000 154.99
48010 155.025
48020 155.046
48030 155.057
48040 155.055
48050 155.054
48060 155.049
48070 155.046
48080 155.041
48090 155.054
48100 155.064
48110 155.052
48120 155.037
48130 155.039
48140 155.043
48150 155.056
48160 155.062
48170 155.059
48180 155.044
48190 155.034
48200 155.035
48210 155.027
48220 155.013
48230 154.999
48240 154.983
48250 154.978
48260 154.985
48270 154.994
48280 154.996
48290 155.014
48300 155.028
48310 155.043
48320 155.053
48330 155.048
48340 155.051
48350 155.065
48360 155.07
48370 155.054
48380 155.027
48390 155.024
48400 155.047
48410 155.077
48420 155.071
48430 155.063
48440 155.064
48450 155.078
48460 155.089
48470 155.096
48480 155.113
48490 155.122
48500 155.142
48510 155.166
48520 155.184
48530 155.187
48540 155.175
48550 155.161
48560 155.156
48570 155.156
48580 155.151
48590 155.153
48600 155.175
48610 155.197
48620 155.205
48630 155.193
48640 155.194
48650 155.196
48660 155.232
48670 155.259
48680 155.257
48690 155.247
48700 155.243
48710 155.258
48720 155.282
48730 155.29
48740 155.302
48750 155.3
48760 155.292
48770 155.283
48780 155.284
48790 155.271
48800 155.265
48810 155.261
48820 155.257
48830 155.258
48840 155.257
48850 155.267
48860 155.253
48870 155.223
48880 155.197
48890 155.179
48900 155.184
48910 155.221
48920 155.261
48930 155.288
48940 155.32
48950 155.318
48960 155.32
48970 155.329
48980 155.326
48990 155.318
49000 155.331
49010 155.339
49020 155.32
49030 155.302
49040 155.308
49050 155.306
49060 155.313
49070 155.323
49080 155.343
49090 155.388
49100 155.412
49110 155.413
49120 155.395
49130 155.375
49140 155.353
49150 155.347
49160 155.359
49170 155.368
49180 155.391
49190 155.4
49200 155.409
49210 155.415
49220 155.423
49230 155.433
49240 155.436
49250 155.456
49260 155.467
49270 155.483
49280 155.491
49290 155.477
49300 155.46
49310 155.439
49320 155.425
49330 155.432
49340 155.452
49350 155.458
49360 155.449
49370 155.447
49380 155.472
49390 155.502
49400 155.52
49410 155.531
49420 155.551
49430 155.559
49440 155.564
49450 155.573
49460 155.572
49470 155.579
49480 155.57
49490 155.546
49500 155.529
49510 155.533
49520 155.533
49530 155.523
49540 155.507
49550 155.494
49560 155.484
49570 155.477
49580 155.479
49590 155.472
49600 155.463
49610 155.452
49620 155.447
49630 155.454
49640 155.456
49650 155.454
49660 155.462
49670 155.49
49680 155.511
49690 155.522
49700 155.534
49710 155.558
49720 155.583
49730 155.589
49740 155.591
49750 155.59
49760 155.596
49770 155.601
49780 155.588
49790 155.58
49800 155.58
49810 155.601
49820 155.609
49830 155.599
49840 155.568
49850 155.551
49860 155.56
49870 155.566
49880 155.592
49890 155.608
49900 155.621
49910 155.625
49920 155.607
49930 155.602
49940 155.608
49950 155.608
49960 155.62
49970 155.624
49980 155.632
49990 155.643
50000 155.655
50010 155.68
50020 155.695
50030 155.698
50040 155.702
50050 155.719
50060 155.718
50070 155.698
50080 155.691
50090 155.676
50100 155.651
50110 155.628
50120 155.623
50130 155.644
50140 155.65
50150 155.632
50160 155.623
50170 155.628
50180 155.636
50190 155.64
50200 155.647
50210 155.657
50220 155.642
50230 155.602
50240 155.559
50250 155.546
50260 155.554
50270 155.563
50280 155.577
50290 155.605
50300 155.633
50310 155.671
50320 155.694
50330 155.694
50340 155.683
50350 155.67
50360 155.659
50370 155.652
50380 155.673
50390 155.682
50400 155.705
50410 155.739
50420 155.76
50430 155.771
50440 155.772
50450 155.767
50460 155.751
50470 155.716
50480 155.692
50490 155.673
50500 155.67
50510 155.678
50520 155.695
50530 155.695
50540 155.678
50550 155.66
50560 155.658
50570 155.665
50580 155.659
50590 155.647
50600 155.649
50610 155.643
50620 155.646
50630 155.672
50640 155.728
50650 155.786
50660 155.813
50670 155.826
50680 155.833
50690 155.818
50700 155.801
50710 155.794
50720 155.8
50730 155.824
50740 155.859
50750 155.883
50760 155.904
50770 155.921
50780 155.92
50790 155.922
50800 155.931
50810 155.936
50820 155.907
50830 155.879
50840 155.853
50850 155.839
50860 155.829
50870 155.829
50880 155.837
50890 155.845
50900 155.848
50910 155.847
50920 155.844
50930 155.84
50940 155.839
50950 155.836
50960 155.826
50970 155.813
50980 155.793
50990 155.778
51000 155.764
51010 155.767
51020 155.744
51030 155.734
51040 155.73
51050 155.733
51060 155.739
51070 155.754
51080 155.769
51090 155.804
51100 155.825
51110 155.86
51120 155.892
51130 155.912
51140 155.937
51150 155.968
51160 155.975
51170 155.97
51180 155.952
51190 155.939
51200 155.945
51210 155.958
51220 155.956
51230 155.947
51240 155.946
51250 155.945
51260 155.931
51270 155.927
51280 155.932
51290 155.922
51300 155.909
51310 155.913
51320 155.951
51330 155.979
51340 155.992
51350 155.996
51360 155.996
51370 155.991
51380 155.992
51390 155.986
51400 155.99
51410 155.998
51420 156.013
51430 156.013
51440 156.011
51450 156.008
51460 156.028
51470 156.049
51480 156.059
51490 156.079
51500 156.097
51510 156.094
51520 156.085
51530 156.076
51540 156.086
51550 156.087
51560 156.08
51570 156.068
51580 156.052
51590 156.042
51600 156.036
51610 156.039
51620 156.042
51630 156.044
51640 156.048
51650 156.06
51660 156.065
51670 156.072
51680 156.086
51690 156.09
51700 156.096
51710 156.092
51720 156.104
51730 156.111
51740 156.11
51750 156.103
51760 156.098
51770 156.106
51780 156.129
51790 156.138
51800 156.133
51810 156.132
51820 156.125
51830 156.118
51840 156.103
51850 156.086
51860 156.08
51870 156.078
51880 156.078
51890 156.078
51900 156.09
51910 156.115
51920 156.129
51930 156.121
51940 156.137
51950 156.15
51960 156.155
51970 156.181
51980 156.182
51990 156.178
52000 156.178
52010 156.187
52020 156.206
52030 156.223
52040 156.245
52050 156.257
52060 156.247
52070 156.24
52080 156.224
52090 156.21
52100 156.183
52110 156.151
52120 156.128
52130 156.131
52140 156.145
52150 156.17
52160 156.199
52170 156.252
52180 156.3
52190 156.323
52200 156.329
52210 156.323
52220 156.286
52230 156.255
52240 156.246
52250 156.227
52260 156.215
52270 156.192
52280 156.184
52290 156.197
52300 156.201
52310 156.219
52320 156.226
52330 156.214
52340 156.205
52350 156.203
52360 156.202
52370 156.19
52380 156.173
52390 156.166
52400 156.171
52410 156.198
52420 156.228
52430 156.229
52440 156.227
52450 156.241
52460 156.272
52470 156.296
52480 156.285
52490 156.269
52500 156.282
52510 156.297
52520 156.313
52530 156.325
52540 156.316
52550 156.306
52560 156.299
52570 156.287
52580 156.274
52590 156.276
52600 156.287
52610 156.285
52620 156.283
52630 156.3
52640 156.309
52650 156.336
52660 156.365
52670 156.377
52680 156.385
52690 156.403
52700 156.412
52710 156.424
52720 156.442
52730 156.464
52740 156.484
52750 156.507
52760 156.525
52770 156.542
52780 156.54
52790 156.525
52800 156.497
52810 156.47
52820 156.457
52830 156.441
52840 156.425
52850 156.412
52860 156.393
52870 156.377
52880 156.375
52890 156.381
52900 156.396
52910 156.418
52920 156.418
52930 156.415
52940 156.413
52950 156.415
52960 156.412
52970 156.414
52980 156.415
52990 156.393
53000 156.41
53010 156.443
53020 156.47
53030 156.494
53040 156.533
53050 156.554
53060 156.567
53070 156.579
53080 156.583
53090 156.585
53100 156.609
53110 156.623
53120 156.618
53130 156.585
53140 156.565
53150 156.541
53160 156.535
53170 156.529
53180 156.525
53190 156.53
53200 156.536
53210 156.553
53220 156.558
53230 156.57
53240 156.589
53250 156.604
53260 156.599
53270 156.589
53280 156.581
53290 156.581
53300 156.576
53310 156.571
53320 156.58
53330 156.582
53340 156.579
53350 156.582
53360 156.592
53370 156.602
53380 156.6
53390 156.604
53400 156.613
53410 156.646
53420 156.683
53430 156.704
53440 156.725
53450 156.721
53460 156.711
53470 156.707
53480 156.7
53490 156.704
53500 156.699
53510 156.673
53520 156.66
53530 156.649
53540 156.657
53550 156.676
53560 156.688
53570 156.692
53580 156.695
53590 156.705
53600 156.723
53610 156.747
53620 156.742
53630 156.731
53640 156.72
53650 156.718
53660 156.729
53670 156.743
53680 156.734
53690 156.725
53700 156.718
53710 156.726
53720 156.746
53730 156.759
53740 156.762
53750 156.768
53760 156.768
53770 156.77
53780 156.759
53790 156.75
53800 156.756
53810 156.774
53820 156.795
53830 156.801
53840 156.812
53850 156.826
53860 156.835
53870 156.82
53880 156.809
53890 156.812
53900 156.827
53910 156.84
53920 156.837
53930 156.831
53940 156.843
53950 156.857
53960 156.86
53970 156.859
53980 156.865
53990 156.879
54000 156.875
54010 156.867
54020 156.849
54030 156.839
54040 156.857
54050 156.855
54060 156.844
54070 156.829
54080 156.809
54090 156.806
54100 156.805
54110 156.794
54120 156.798
54130 156.81
54140 156.818
54150 156.826
54160 156.824
54170 156.817
54180 156.799
54190 156.783
54200 156.731
54210 156.7
54220 156.696
54230 156.698
54240 156.706
54250 156.731
54260 156.754
54270 156.779
54280 156.79
54290 156.79
54300 156.785
54310 156.784
54320 156.79
54330 156.795
54340 156.816
54350 156.847
54360 156.876
54370 156.886
54380 156.89
54390 156.883
54400 156.881
54410 156.883
54420 156.882
54430 156.897
54440 156.913
54450 156.912
54460 156.886
54470 156.843
54480 156.812
54490 156.801
54500 156.831
54510 156.854
54520 156.848
54530 156.846
54540 156.853
54550 156.865
54560 156.867
54570 156.865
54580 156.865
54590 156.879
54600 156.89
54610 156.888
54620 156.901
54630 156.914
54640 156.934
54650 156.948
54660 156.956
54670 156.974
54680 156.977
54690 156.98
54700 156.98
54710 156.986
54720 157.002
54730 156.996
54740 156.976
54750 156.956
54760 156.945
54770 156.949
54780 156.956
54790 156.956
54800 156.954
54810 156.95
54820 156.959
54830 156.97
54840 156.987
54850 157.021
54860 157.061
54870 157.075
54880 157.093
54890 157.122
54900 157.146
54910 157.163
54920 157.162
54930 157.149
54940 157.141
54950 157.155
54960 157.147
54970 157.126
54980 157.12
54990 157.123
55000 157.114
55010 157.109
55020 157.091
55030 157.099
55040 157.112
55050 157.122
55060 157.155
55070 157.19
55080 157.216
55090 157.242
55100 157.262
55110 157.268
55120 157.261
55130 157.263
55140 157.246
55150 157.211
55160 157.184
55170 157.166
55180 157.164
55190 157.17
55200 157.181
55210 157.197
55220 157.214
55230 157.223
55240 157.23
55250 157.227
55260 157.212
55270 157.218
55280 157.233
55290 157.25
55300 157.258
55310 157.274
55320 157.291
55330 157.308
55340 157.35
55350 157.386
55360 157.387
55370 157.367
55380 157.351
55390 157.338
55400 157.331
55410 157.331
55420 157.316
55430 157.296
55440 157.29
55450 157.305
55460 157.315
55470 157.313
55480 157.323
55490 157.333
55500 157.322
55510 157.322
55520 157.31
55530 157.312
55540 157.337
55550 157.345
55560 157.345
55570 157.352
55580 157.359
55590 157.374
55600 157.376
55610 157.384
55620 157.395
55630 157.398
55640 157.396
55650 157.389
55660 157.392
55670 157.376
55680 157.35
55690 157.337
55700 157.327
55710 157.335
55720 157.347
55730 157.368
55740 157.39
55750 157.418
55760 157.437
55770 157.473
55780 157.482
55790 157.5
55800 157.505
55810 157.486
55820 157.467
55830 157.452
55840 157.44
55850 157.427
55860 157.43
55870 157.428
55880 157.427
55890 157.418
55900 157.407
55910 157.389
55920 157.386
55930 157.391
55940 157.385
55950 157.39
55960 157.403
55970 157.415
55980 157.432
55990 157.447
56000 157.446
56010 157.437
56020 157.417
56030 157.406
56040 157.407
56050 157.407
56060 157.43
56070 157.46
56080 157.476
56090 157.458
56100 157.45
56110 157.453
56120 157.455
56130 157.448
56140 157.442
56150 157.453
56160 157.455
56170 157.456
56180 157.454
56190 157.455
56200 157.455
56210 157.438
56220 157.4
56230 157.374
56240 157.368
56250 157.39
56260 157.407
56270 157.41
56280 157.424
56290 157.437
56300 157.443
56310 157.432
56320 157.412
56330 157.387
56340 157.356
56350 157.347
56360 157.354
56370 157.374
56380 157.41
56390 157.445
56400 157.459
56410 157.456
56420 157.453
56430 157.442
56440 157.424
56450 157.404
56460 157.391
56470 157.382
56480 157.379
56490 157.387
56500 157.391
56510 157.387
56520 157.393
56530 157.4
56540 157.429
56550 157.458
56560 157.467
56570 157.448
56580 157.434
56590 157.435
56600 157.415
56610 157.407
56620 157.41
56630 157.407
56640 157.411
56650 157.427
56660 157.435
56670 157.442
56680 157.446
56690 157.452
56700 157.471
56710 157.491
56720 157.517
56730 157.561
56740 157.577
56750 157.569
56760 157.566
56770 157.577
56780 157.574
56790 157.571
56800 157.562
56810 157.559
56820 157.574
56830 157.586
56840 157.615
56850 157.641
56860 157.665
56870 157.65
56880 157.644
56890 157.637
56900 157.617
56910 157.591
56920 157.58
56930 157.575
56940 157.565
56950 157.559
56960 157.551
56970 157.555
56980 157.567
56990 157.595
57000 157.615
57010 157.626
57020 157.651
57030 157.658
57040 157.673
57050 157.678
57060 157.677
57070 157.682
57080 157.688
57090 157.681
57100 157.67
57110 157.659
57120 157.64
57130 157.626
57140 157.625
57150 157.63
57160 157.634
57170 157.63
57180 157.633
57190 157.631
57200 157.618
57210 157.596
57220 157.574
57230 157.591
57240 157.615
57250 157.617
57260 157.621
57270 157.621
57280 157.608
57290 157.586
57300 157.605
57310 157.649
57320 157.67
57330 157.677
57340 157.671
57350 157.664
57360 157.669
57370 157.679
57380 157.705
57390 157.736
57400 157.757
57410 157.772
57420 157.788
57430 157.803
57440 157.814
57450 157.819
57460 157.816
57470 157.811
57480 157.818
57490 157.812
57500 157.806
57510 157.792
57520 157.791
57530 157.799
57540 157.798
57550 157.792
57560 157.773
57570 157.76
57580 157.767
57590 157.785
57600 157.796
57610 157.814
57620 157.84
57630 157.869
57640 157.891
57650 157.903
57660 157.919
57670 157.95
57680 157.958
57690 157.972
57700 157.989
57710 157.987
57720 157.988
57730 157.988
57740 157.991
57750 158.004
57760 158.009
57770 158.004
57780 157.974
57790 157.947
57800 157.927
57810 157.908
57820 157.875
57830 157.855
57840 157.847
57850 157.838
57860 157.803
57870 157.783
57880 157.798
57890 157.829
57900 157.855
57910 157.89
57920 157.914
57930 157.932
57940 157.94
57950 157.936
57960 157.921
57970 157.912
57980 157.917
57990 157.921
58000 157.929
58010 157.942
58020 157.973
58030 158.001
58040 158.04
58050 158.072
58060 158.086
58070 158.087
58080 158.074
58090 158.065
58100 158.052
58110 158.058
58120 158.073
58130 158.081
58140 158.102
58150 158.127
58160 158.141
58170 158.145
58180 158.156
58190 158.168
58200 158.176
58210 158.191
58220 158.21
58230 158.232
58240 158.256
58250 158.277
58260 158.318
58270 158.341
58280 158.348
58290 158.334
58300 158.318
58310 158.316
58320 158.322
58330 158.323
58340 158.316
58350 158.306
58360 158.32
58370 158.315
58380 158.316
58390 158.337
58400 158.359
58410 158.383
58420 158.41
58430 158.428
58440 158.429
58450 158.412
58460 158.398
58470 158.379
58480 158.367
58490 158.369
58500 158.377
58510 158.408
58520 158.441
58530 158.469
58540 158.488
58550 158.499
58560 158.497
58570 158.478
58580 158.459
58590 158.451
58600 158.442
58610 158.446
58620 158.458
58630 158.479
58640 158.493
58650 158.493
58660 158.491
58670 158.515
58680 158.54
58690 158.548
58700 158.568
58710 158.583
58720 158.594
58730 158.598
58740 158.594
58750 158.585
58760 158.57
58770 158.567
58780 158.56
58790 158.557
58800 158.545
58810 158.536
58820 158.528
58830 158.516
58840 158.493
58850 158.463
58860 158.447
58870 158.433
58880 158.424
58890 158.433
58900 158.463
58910 158.492
58920 158.516
58930 158.529
58940 158.53
58950 158.527
58960 158.512
58970 158.498
58980 158.492
58990 158.493
59000 158.495
59010 158.499
59020 158.483
59030 158.479
59040 158.488
59050 158.478
59060 158.48
59070 158.486
59080 158.495
59090 158.505
59100 158.513
59110 158.501
59120 158.485
59130 158.487
59140 158.518
59150 158.547
59160 158.57
59170 158.586
59180 158.62
59190 158.627
59200 158.629
59210 158.627
59220 158.606
59230 158.611
59240 158.616
59250 158.616
59260 158.611
59270 158.601
59280 158.564
59290 158.541
59300 158.532
59310 158.54
59320 158.556
59330 158.55
59340 158.539
59350 158.518
59360 158.504
59370 158.504
59380 158.518
59390 158.524
59400 158.529
59410 158.529
59420 158.529
59430 158.528
59440 158.541
59450 158.568
59460 158.597
59470 158.6
59480 158.61
59490 158.63
59500 158.62
59510 158.592
59520 158.562
59530 158.553
59540 158.555
59550 158.581
59560 158.602
59570 158.619
59580 158.632
59590 158.658
59600 158.695
59610 158.732
59620 158.759
59630 158.77
59640 158.785
59650 158.788
59660 158.786
59670 158.792
59680 158.795
59690 158.791
59700 158.791
59710 158.79
59720 158.794
59730 158.815
59740 158.828
59750 158.848
59760 158.841
59770 158.84
59780 158.846
59790 158.849
59800 158.856
59810 158.847
59820 158.829
59830 158.81
59840 158.805
59850 158.81
59860 158.821
59870 158.833
59880 158.84
59890 158.841
59900 158.844
59910 158.859
59920 158.886
59930 158.898
59940 158.886
59950 158.883
59960 158.871
59970 158.863
59980 158.873
59990 158.882
60000 158.883
60010 158.892
60020 158.909
60030 158.92
60040 158.931
60050 158.915
60060 158.916
60070 158.91
60080 158.889
60090 158.865
60100 158.837
60110 158.821
60120 158.808
60130 158.805
60140 158.816
60150 158.823
60160 158.827
60170 158.837
60180 158.846
60190 158.856
60200 158.856
60210 158.836
60220 158.84
60230 158.863
60240 158.879
60250 158.893
60260 158.901
60270 158.921
60280 158.939
60290 158.968
60300 158.998
60310 159.01
60320 159
60330 158.993
60340 159.01
60350 159.017
60360 159.04
60370 159.058
60380 159.057
60390 159.055
60400 159.057
60410 159.078
60420 159.107
60430 159.134
60440 159.144
60450 159.155
60460 159.159
60470 159.171
60480 159.184
60490 159.182
60500 159.192
60510 159.206
60520 159.208
60530 159.209
60540 159.214
60550 159.219
60560 159.231
60570 159.242
60580 159.261
60590 159.28
60600 159.287
60610 159.308
60620 159.321
60630 159.362
60640 159.409
60650 159.452
60660 159.467
60670 159.471
60680 159.462
60690 159.444
60700 159.415
60710 159.38
60720 159.358
60730 159.331
60740 159.318
60750 159.309
60760 159.299
60770 159.298
60780 159.298
60790 159.308
60800 159.334
60810 159.362
60820 159.399
60830 159.434
60840 159.454
60850 159.454
60860 159.433
60870 159.43
60880 159.456
60890 159.478
60900 159.503
60910 159.521
60920 159.532
60930 159.546
60940 159.538
60950 159.525
60960 159.526
60970 159.522
60980 159.541
60990 159.558
61000 159.563
61010 159.552
61020 159.543
61030 159.544
61040 159.555
61050 159.59
61060 159.62
61070 159.641
61080 159.647
61090 159.64
61100 159.647
61110 159.657
61120 159.664
61130 159.641
61140 159.613
61150 159.59
61160 159.569
61170 159.554
61180 159.538
61190 159.523
61200 159.516
61210 159.52
61220 159.518
61230 159.516
61240 159.521
61250 159.536
61260 159.548
61270 159.551
61280 159.556
61290 159.571
61300 159.6
61310 159.633
61320 159.666
61330 159.694
61340 159.716
61350 159.74
61360 159.743
61370 159.742
61380 159.737
61390 159.733
61400 159.715
61410 159.706
61420 159.709
61430 159.727
61440 159.736
61450 159.743
61460 159.745
61470 159.764
61480 159.774
61490 159.773
61500 159.774
61510 159.777
61520 159.773
61530 159.768
61540 159.779
61550 159.783
61560 159.791
61570 159.827
61580 159.851
61590 159.864
61600 159.869
61610 159.877
61620 159.895
61630 159.91
61640 159.912
61650 159.917
61660 159.906
61670 159.893
61680 159.879
61690 159.871
61700 159.865
61710 159.872
61720 159.888
61730 159.909
61740 159.927
61750 159.932
61760 159.954
61770 159.986
61780 160.005
61790 160.024
61800 160.023
61810 160.011
61820 159.99
61830 159.987
61840 159.984
61850 159.981
61860 159.986
61870 160
61880 160.003
61890 160.013
61900 160.034
61910 160.045
61920 160.036
61930 160.027
61940 160.013
61950 160.015
61960 160.018
61970 160.013
61980 160.021
61990 160.033
62000 160.041
62010 160.046
62020 160.03
62030 160.005
62040 160
62050 160.011
62060 160.017
62070 160.017
62080 160.01
62090 160.005
62100 159.987
62110 159.974
62120 159.986
62130 159.997
62140 160.009
62150 160.025
62160 160.03
62170 160.054
62180 160.07
62190 160.084
62200 160.091
62210 160.104
62220 160.112
62230 160.112
62240 160.106
62250 160.088
62260 160.088
62270 160.094
62280 160.095
62290 160.099
62300 160.09
62310 160.058
62320 160.043
62330 160.036
62340 160.043
62350 160.051
62360 160.051
62370 160.042
62380 160.042
62390 160.05
62400 160.042
62410 160.015
62420 159.99
62430 159.974
62440 159.992
62450 160.022
62460 160.065
62470 160.081
62480 160.102
62490 160.126
62500 160.133
62510 160.147
62520 160.151
62530 160.164
62540 160.18
62550 160.191
62560 160.227
62570 160.258
62580 160.278
62590 160.283
62600 160.275
62610 160.269
62620 160.274
62630 160.291
62640 160.295
62650 160.294
62660 160.293
62670 160.312
62680 160.322
62690 160.322
62700 160.319
62710 160.319
62720 160.316
62730 160.291
62740 160.271
62750 160.256
62760 160.24
62770 160.243
62780 160.251
62790 160.258
62800 160.269
62810 160.29
62820 160.325
62830 160.361
62840 160.36
62850 160.353
62860 160.363
62870 160.382
62880 160.386
62890 160.392
62900 160.386
62910 160.392
62920 160.403
62930 160.401
62940 160.402
62950 160.394
62960 160.381
62970 160.367
62980 160.359
62990 160.36
63000 160.367
63010 160.371
63020 160.365
63030 160.362
63040 160.356
63050 160.349
63060 160.334
63070 160.315
63080 160.324
63090 160.343
63100 160.367
63110 160.374
63120 160.382
63130 160.4
63140 160.402
63150 160.399
63160 160.415
63170 160.438
63180 160.462
63190 160.471
63200 160.473
63210 160.477
63220 160.48
63230 160.5
63240 160.533
63250 160.539
63260 160.529
63270 160.514
63280 160.5
63290 160.492
63300 160.488
63310 160.487
63320 160.507
63330 160.524
63340 160.513
63350 160.489
63360 160.474
63370 160.452
63380 160.434
63390 160.44
63400 160.45
63410 160.455
63420 160.46
63430 160.45
63440 160.45
63450 160.469
63460 160.492
63470 160.505
63480 160.521
63490 160.547
63500 160.567
63510 160.595
63520 160.617
63530 160.62
63540 160.614
63550 160.627
63560 160.662
63570 160.682
63580 160.691
63590 160.689
63600 160.701
63610 160.736
63620 160.747
63630 160.752
63640 160.742
63650 160.729
63660 160.734
63670 160.742
63680 160.76
63690 160.778
63700 160.788
63710 160.79
63720 160.789
63730 160.786
63740 160.776
63750 160.78
63760 160.799
63770 160.831
63780 160.847
63790 160.846
63800 160.856
63810 160.86
63820 160.864
63830 160.872
63840 160.885
63850 160.893
63860 160.879
63870 160.87
63880 160.858
63890 160.859
63900 160.874
63910 160.91
63920 160.927
63930 160.926
63940 160.908
63950 160.882
63960 160.847
63970 160.838
63980 160.836
63990 160.831
64000 160.827
64010 160.818
64020 160.801
64030 160.776
64040 160.763
64050 160.77
64060 160.777
64070 160.782
64080 160.781
64090 160.784
64100 160.794
64110 160.815
64120 160.833
64130 160.855
64140 160.851
64150 160.852
64160 160.869
64170 160.881
64180 160.872
64190 160.866
64200 160.864
64210 160.866
64220 160.881
64230 160.911
64240 160.94
64250 160.962
64260 160.963
64270 160.952
64280 160.931
64290 160.934
64300 160.904
64310 160.87
64320 160.88
64330 160.887
64340 160.893
64350 160.919
64360 160.933
64370 160.929
64380 160.93
64390 160.945
64400 160.96
64410 160.959
64420 160.959
64430 160.976
64440 160.991
64450 161
64460 161.009
64470 161.004
64480 160.982
64490 160.971
64500 160.943
64510 160.92
64520 160.917
64530 160.935
64540 160.93
64550 160.912
64560 160.912
64570 160.917
64580 160.904
64590 160.879
64600 160.865
64610 160.868
64620 160.881
64630 160.893
64640 160.885
64650 160.881
64660 160.89
64670 160.918
64680 160.946
64690 160.977
64700 161.011
64710 161.037
64720 161.051
64730 161.063
64740 161.064
64750 161.062
64760 161.05
64770 161.038
64780 161.037
64790 161.034
64800 161.035
64810 161.024
64820 161.015
64830 161.015
64840 161.011
64850 161.004
64860 161.017
64870 161.026
64880 161.035
64890 161.063
64900 161.083
64910 161.095
64920 161.088
64930 161.083
64940 161.072
64950 161.081
64960 161.095
64970 161.109
64980 161.14
64990 161.179
65000 161.206
65010 161.234
65020 161.243
65030 161.241
65040 161.225
65050 161.202
65060 161.178
65070 161.151
65080 161.125
65090 161.116
65100 161.111
65110 161.109
65120 161.127
65130 161.142
65140 161.155
65150 161.177
65160 161.197
65170 161.215
65180 161.227
65190 161.233
65200 161.23
65210 161.22
65220 161.207
65230 161.208
65240 161.203
65250 161.202
65260 161.197
65270 161.189
65280 161.171
65290 161.162
65300 161.152
65310 161.146
65320 161.151
65330 161.177
65340 161.2
65350 161.202
65360 161.197
65370 161.198
65380 161.204
65390 161.204
65400 161.211
65410 161.23
65420 161.23
65430 161.226
65440 161.228
65450 161.236
65460 161.238
65470 161.254
65480 161.278
65490 161.304
65500 161.317
65510 161.32
65520 161.342
65530 161.356
65540 161.375
65550 161.385
65560 161.4
65570 161.419
65580 161.423
65590 161.416
65600 161.397
65610 161.366
65620 161.344
65630 161.329
65640 161.317
65650 161.325
65660 161.359
65670 161.384
65680 161.397
65690 161.388
65700 161.387
65710 161.401
65720 161.415
65730 161.418
65740 161.422
65750 161.422
65760 161.432
65770 161.446
65780 161.453
65790 161.461
65800 161.471
65810 161.479
65820 161.48
65830 161.486
65840 161.492
65850 161.504
65860 161.499
65870 161.491
65880 161.489
65890 161.486
65900 161.471
65910 161.448
65920 161.431
65930 161.419
65940 161.41
65950 161.399
65960 161.388
65970 161.396
65980 161.409
65990 161.415
66000 161.405
66010 161.414
66020 161.415
66030 161.434
66040 161.467
66050 161.508
66060 161.54
66070 161.558
66080 161.561
66090 161.562
66100 161.573
66110 161.586
66120 161.585
66130 161.575
66140 161.556
66150 161.54
66160 161.515
66170 161.484
66180 161.455
66190 161.44
66200 161.444
66210 161.446
66220 161.458
66230 161.475
66240 161.497
66250 161.515
66260 161.528
66270 161.541
66280 161.546
66290 161.542
66300 161.541
66310 161.544
66320 161.546
66330 161.532
66340 161.508
66350 161.49
66360 161.488
66370 161.489
66380 161.497
66390 161.509
66400 161.516
66410 161.515
66420 161.519
66430 161.514
66440 161.507
66450 161.513
66460 161.542
66470 161.58
66480 161.606
66490 161.633
66500 161.663
66510 161.672
66520 161.666
66530 161.66
66540 161.663
66550 161.674
66560 161.688
66570 161.696
66580 161.703
66590 161.714
66600 161.709
66610 161.719
66620 161.722
66630 161.703
66640 161.695
66650 161.702
66660 161.7
66670 161.71
66680 161.732
66690 161.755
66700 161.761
66710 161.764
66720 161.768
66730 161.766
66740 161.76
66750 161.739
66760 161.712
66770 161.699
66780 161.706
66790 161.716
66800 161.733
66810 161.747
66820 161.765
66830 161.792
66840 161.809
66850 161.828
66860 161.86
66870 161.891
66880 161.905
66890 161.903
66900 161.896
66910 161.89
66920 161.882
66930 161.885
66940 161.876
66950 161.869
66960 161.88
66970 161.909
66980 161.93
66990 161.934
67000 161.931
67010 161.93
67020 161.925
67030 161.925
67040 161.913
67050 161.905
67060 161.897
67070 161.902
67080 161.899
67090 161.924
67100 161.96
67110 161.969
67120 161.972
67130 161.983
67140 161.986
67150 161.972
67160 161.955
67170 161.928
67180 161.912
67190 161.906
67200 161.918
67210 161.954
67220 161.977
67230 161.964
67240 161.94
67250 161.919
67260 161.902
67270 161.908
67280 161.924
67290 161.94
67300 161.966
67310 161.986
67320 161.978
67330 161.95
67340 161.931
67350 161.925
67360 161.91
67370 161.894
67380 161.887
67390 161.891
67400 161.883
67410 161.858
67420 161.826
67430 161.812
67440 161.81
67450 161.802
67460 161.801
67470 161.817
67480 161.849
67490 161.876
67500 161.906
67510 161.919
67520 161.928
67530 161.947
67540 161.975
67550 162.01
67560 162.029
67570 162.031
67580 162.045
67590 162.044
67600 162.033
67610 162.031
67620 162.034
67630 162.043
67640 162.056
67650 162.059
67660 162.046
67670 162.032
67680 162.031
67690 162.029
67700 162.029
67710 162.02
67720 162.02
67730 162.006
67740 162
67750 161.996
67760 162.005
67770 162.024
67780 162.041
67790 162.048
67800 162.05
67810 162.065
67820 162.076
67830 162.08
67840 162.062
67850 162.051
67860 162.039
67870 162.041
67880 162.039
67890 162.055
67900 162.083
67910 162.107
67920 162.111
67930 162.092
67940 162.066
67950 162.044
67960 162.034
67970 162.025
67980 162.016
67990 162.016
68000 162.009
68010 162.009
68020 162.019
68030 162.036
68040 162.044
68050 162.047
68060 162.06
68070 162.069
68080 162.068
68090 162.06
68100 162.058
68110 162.053
68120 162.043
68130 162.035
68140 162.018
68150 162
68160 161.959
68170 161.93
68180 161.916
68190 161.911
68200 161.933
68210 161.977
68220 162.004
68230 162.02
68240 162.033
68250 162.036
68260 162.022
68270 162.014
68280 162.022
68290 162.039
68300 162.039
68310 162.02
68320 162.001
68330 161.981
68340 161.989
68350 161.997
68360 161.99
68370 161.99
68380 162.009
68390 162.054
68400 162.1
68410 162.156
68420 162.2
68430 162.226
68440 162.231
68450 162.214
68460 162.201
68470 162.185
68480 162.171
68490 162.156
68500 162.145
68510 162.141
68520 162.146
68530 162.174
68540 162.209
68550 162.242
68560 162.249
68570 162.243
68580 162.248
68590 162.246
68600 162.244
68610 162.241
68620 162.253
68630 162.265
68640 162.261
68650 162.259
68660 162.275
68670 162.277
68680 162.27
68690 162.265
68700 162.259
68710 162.257
68720 162.248
68730 162.271
68740 162.304
68750 162.324
68760 162.344
68770 162.366
68780 162.385
68790 162.417
68800 162.444
68810 162.451
68820 162.447
68830 162.449
68840 162.454
68850 162.456
68860 162.469
68870 162.492
68880 162.511
68890 162.526
68900 162.529
68910 162.52
68920 162.518
68930 162.527
68940 162.519
68950 162.502
68960 162.501
68970 162.512
68980 162.525
68990 162.515
69000 162.514
69010 162.525
69020 162.542
69030 162.546
69040 162.55
69050 162.56
69060 162.566
69070 162.555
69080 162.554
69090 162.553
69100 162.547
69110 162.533
69120 162.51
69130 162.503
69140 162.492
69150 162.489
69160 162.49
69170 162.52
69180 162.529
69190 162.517
69200 162.507
69210 162.48
69220 162.459
69230 162.469
69240 162.486
69250 162.502
69260 162.519
69270 162.535
69280 162.553
69290 162.556
69300 162.553
69310 162.556
69320 162.575
69330 162.604
69340 162.631
69350 162.632
69360 162.62
69370 162.613
69380 162.597
69390 162.589
69400 162.601
69410 162.624
69420 162.648
69430 162.66
69440 162.666
69450 162.701
69460 162.719
69470 162.713
69480 162.676
69490 162.641
69500 162.632
69510 162.633
69520 162.655
69530 162.681
69540 162.695
69550 162.703
69560 162.701
69570 162.686
69580 162.686
69590 162.696
69600 162.69
69610 162.686
69620 162.678
69630 162.663
69640 162.654
69650 162.661
69660 162.658
69670 162.643
69680 162.633
69690 162.641
69700 162.668
69710 162.692
69720 162.711
69730 162.733
69740 162.748
69750 162.751
69760 162.748
69770 162.769
69780 162.79
69790 162.805
69800 162.824
69810 162.829
69820 162.841
69830 162.86
69840 162.867
69850 162.853
69860 162.841
69870 162.849
69880 162.866
69890 162.888
69900 162.917
69910 162.934
69920 162.939
69930 162.931
69940 162.931
69950 162.933
69960 162.937
69970 162.941
69980 162.956
69990 162.979
70000 162.997
70010 163.016
70020 163.049
70030 163.067
70040 163.088
70050 163.089
70060 163.099
70070 163.106
70080 163.107
70090 163.099
70100 163.1
70110 163.078
70120 163.065
70130 163.068
70140 163.07
70150 163.074
70160 163.069
70170 163.076
70180 163.094
70190 163.122
70200 163.145
70210 163.159
70220 163.168
70230 163.171
70240 163.157
70250 163.127
70260 163.129
70270 163.136
70280 163.141
70290 163.146
70300 163.146
70310 163.142
70320 163.126
70330 163.139
70340 163.151
70350 163.179
70360 163.201
70370 163.196
70380 163.194
70390 163.178
70400 163.157
70410 163.146
70420 163.139
70430 163.145
70440 163.148
70450 163.152
70460 163.184
70470 163.229
70480 163.282
70490 163.333
70500 163.346
70510 163.351
70520 163.354
70530 163.346
70540 163.329
70550 163.311
70560 163.301
70570 163.307
70580 163.317
70590 163.326
70600 163.336
70610 163.325
70620 163.313
70630 163.308
70640 163.308
70650 163.314
70660 163.325
70670 163.326
70680 163.321
70690 163.32
70700 163.326
70710 163.343
70720 163.364
70730 163.367
70740 163.345
70750 163.345
70760 163.36
70770 163.38
70780 163.406
70790 163.43
70800 163.449
70810 163.462
70820 163.468
70830 163.49
70840 163.522
70850 163.545
70860 163.556
70870 163.582
70880 163.594
70890 163.612
70900 163.631
70910 163.614
70920 163.595
70930 163.594
70940 163.602
70950 163.634
70960 163.664
70970 163.683
70980 163.697
70990 163.704
71000 163.696
71010 163.679
71020 163.677
71030 163.678
71040 163.7
71050 163.736
71060 163.774
71070 163.784
71080 163.789
71090 163.807
71100 163.827
71110 163.847
71120 163.865
71130 163.872
71140 163.853
71150 163.829
71160 163.815
71170 163.811
71180 163.796
71190 163.778
71200 163.763
71210 163.75
71220 163.739
71230 163.728
71240 163.716
71250 163.712
71260 163.708
71270 163.713
71280 163.723
71290 163.739
71300 163.753
71310 163.758
71320 163.759
71330 163.768
71340 163.778
71350 163.774
71360 163.771
71370 163.76
71380 163.735
71390 163.71
71400 163.691
71410 163.66
71420 163.638
71430 163.612
71440 163.598
71450 163.592
71460 163.578
71470 163.572
71480 163.589
71490 163.598
71500 163.598
71510 163.614
71520 163.638
71530 163.645
71540 163.662
71550 163.685
71560 163.695
71570 163.689
71580 163.694
71590 163.711
71600 163.729
71610 163.73
71620 163.711
71630 163.7
71640 163.707
71650 163.717
71660 163.719
71670 163.725
71680 163.712
71690 163.706
71700 163.714
71710 163.711
71720 163.726
71730 163.739
71740 163.738
71750 163.753
71760 163.772
71770 163.789
71780 163.812
71790 163.833
71800 163.856
71810 163.879
71820 163.902
71830 163.918
71840 163.92
71850 163.928
71860 163.933
71870 163.933
71880 163.944
71890 163.959
71900 163.966
71910 163.972
71920 163.977
71930 163.988
71940 163.982
71950 163.97
71960 163.952
71970 163.949
71980 163.951
71990 163.956
72000 163.959
72010 163.977
72020 164.009
72030 164.03
72040 164.052
72050 164.068
72060 164.083
72070 164.116
72080 164.136
72090 164.117
72100 164.101
72110 164.095
72120 164.105
72130 164.114
72140 164.116
72150 164.123
72160 164.125
72170 164.136
72180 164.13
72190 164.128
72200 164.131
72210 164.104
72220 164.076
72230 164.061
72240 164.056
72250 164.069
72260 164.1
72270 164.117
72280 164.135
72290 164.144
72300 164.151
72310 164.154
72320 164.153
72330 164.143
72340 164.14
72350 164.166
72360 164.203
72370 164.235
72380 164.241
72390 164.236
72400 164.225
72410 164.215
72420 164.227
72430 164.231
72440 164.24
72450 164.262
72460 164.282
72470 164.299
72480 164.292
72490 164.299
72500 164.313
72510 164.315
72520 164.313
72530 164.314
72540 164.323
72550 164.339
72560 164.342
72570 164.353
72580 164.364
72590 164.378
72600 164.402
72610 164.412
72620 164.426
72630 164.429
72640 164.405
72650 164.386
72660 164.373
72670 164.357
72680 164.341
72690 164.327
72700 164.33
72710 164.344
72720 164.355
72730 164.371
72740 164.386
72750 164.408
72760 164.438
72770 164.464
72780 164.454
72790 164.433
72800 164.398
72810 164.375
72820 164.357
72830 164.361
72840 164.389
72850 164.422
72860 164.424
72870 164.417
72880 164.42
72890 164.42
72900 164.412
72910 164.406
72920 164.401
72930 164.387
72940 164.368
72950 164.345
72960 164.34
72970 164.348
72980 164.353
72990 164.369
73000 164.386
73010 164.415
73020 164.429
73030 164.418
73040 164.411
73050 164.411
73060 164.411
73070 164.41
73080 164.423
73090 164.431
73100 164.425
73110 164.41
73120 164.4
73130 164.386
73140 164.388
73150 164.393
73160 164.394
73170 164.403
73180 164.422
73190 164.444
73200 164.448
73210 164.452
73220 164.448
73230 164.447
73240 164.444
73250 164.447
73260 164.433
73270 164.428
73280 164.43
73290 164.432
73300 164.447
73310 164.458
73320 164.466
73330 164.473
73340 164.463
73350 164.465
73360 164.45
73370 164.444
73380 164.454
73390 164.445
73400 164.436
73410 164.426
73420 164.421
73430 164.418
73440 164.417
73450 164.416
73460 164.424
73470 164.437
73480 164.445
73490 164.454
73500 164.461
73510 164.49
73520 164.534
73530 164.572
73540 164.605
73550 164.626
73560 164.639
73570 164.638
73580 164.626
73590 164.613
73600 164.591
73610 164.568
73620 164.56
73630 164.556
73640 164.568
73650 164.578
73660 164.579
73670 164.578
73680 164.571
73690 164.579
73700 164.585
73710 164.584
73720 164.595
73730 164.614
73740 164.625
73750 164.636
73760 164.64
73770 164.655
73780 164.661
73790 164.655
73800 164.643
73810 164.633
73820 164.636
73830 164.642
73840 164.651
73850 164.664
73860 164.677
73870 164.671
73880 164.66
73890 164.644
73900 164.63
73910 164.628
73920 164.634
73930 164.648
73940 164.662
73950 164.662
73960 164.661
73970 164.654
73980 164.639
73990 164.646
74000 164.658
74010 164.651
74020 164.623
74030 164.615
74040 164.614
74050 164.619
74060 164.617
74070 164.618
74080 164.629
74090 164.633
74100 164.636
74110 164.62
74120 164.611
74130 164.622
74140 164.648
74150 164.675
74160 164.675
74170 164.678
74180 164.667
74190 164.647
74200 164.64
74210 164.642
74220 164.648
74230 164.661
74240 164.682
74250 164.683
74260 164.671
74270 164.673
74280 164.67
74290 164.661
74300 164.648
74310 164.652
74320 164.65
74330 164.657
74340 164.647
74350 164.637
74360 164.629
74370 164.629
74380 164.606
74390 164.614
74400 164.609
74410 164.603
74420 164.609
74430 164.61
74440 164.621
74450 164.633
74460 164.652
74470 164.662
74480 164.67
74490 164.66
74500 164.65
74510 164.674
74520 164.71
74530 164.742
74540 164.753
74550 164.746
74560 164.748
74570 164.743
74580 164.74
74590 164.722
74600 164.715
74610 164.712
74620 164.7
74630 164.691
74640 164.691
74650 164.686
74660 164.684
74670 164.685
74680 164.687
74690 164.677
74700 164.696
74710 164.705
74720 164.702
74730 164.703
74740 164.714
74750 164.72
74760 164.725
74770 164.738
74780 164.737
74790 164.731
74800 164.725
74810 164.734
74820 164.748
74830 164.761
74840 164.772
74850 164.773
74860 164.766
74870 164.761
74880 164.793
74890 164.815
74900 164.816
74910 164.811
74920 164.806
74930 164.797
74940 164.796
74950 164.81
74960 164.828
74970 164.839
74980 164.84
74990 164.818
75000 164.794
75010 164.785
75020 164.778
75030 164.78
75040 164.775
75050 164.758
75060 164.744
75070 164.773
75080 164.795
75090 164.801
75100 164.821
75110 164.85
75120 164.856
75130 164.865
75140 164.858
75150 164.839
75160 164.808
75170 164.791
75180 164.802
75190 164.83
75200 164.857
75210 164.876
75220 164.891
75230 164.908
75240 164.937
75250 164.961
75260 164.979
75270 164.975
75280 164.971
75290 164.958
75300 164.948
75310 164.98
75320 165.002
75330 165.019
75340 165.037
75350 165.05
75360 165.075
75370 165.088
75380 165.086
75390 165.092
75400 165.105
75410 165.132
75420 165.147
75430 165.167
75440 165.19
75450 165.214
75460 165.209
75470 165.197
75480 165.197
75490 165.174
75500 165.161
75510 165.127
75520 165.092
75530 165.091
75540 165.095
75550 165.101
75560 165.11
75570 165.122
75580 165.149
75590 165.171
75600 165.186
75610 165.197
75620 165.21
75630 165.223
75640 165.242
75650 165.24
75660 165.215
75670 165.213
75680 165.236
75690 165.249
75700 165.259
75710 165.26
75720 165.254
75730 165.24
75740 165.23
75750 165.222
75760 165.224
75770 165.249
75780 165.273
75790 165.294
75800 165.307
75810 165.308
75820 165.312
75830 165.318
75840 165.321
75850 165.322
75860 165.345
75870 165.367
75880 165.371
75890 165.353
75900 165.336
75910 165.338
75920 165.347
75930 165.359
75940 165.366
75950 165.372
75960 165.36
75970 165.353
75980 165.343
75990 165.338
76000 165.333
76010 165.32
76020 165.317
76030 165.304
76040 165.303
76050 165.313
76060 165.323
76070 165.338
76080 165.358
76090 165.39
76100 165.431
76110 165.464
76120 165.479
76130 165.496
76140 165.508
76150 165.529
76160 165.57
76170 165.587
76180 165.59
76190 165.611
76200 165.61
76210 165.601
76220 165.588
76230 165.581
76240 165.573
76250 165.561
76260 165.549
76270 165.539
76280 165.541
76290 165.554
76300 165.555
76310 165.564
76320 165.588
76330 165.611
76340 165.635
76350 165.639
76360 165.646
76370 165.654
76380 165.655
76390 165.647
76400 165.638
76410 165.619
76420 165.613
76430 165.603
76440 165.61
76450 165.61
76460 165.612
76470 165.608
76480 165.624
76490 165.639
76500 165.64
76510 165.639
76520 165.642
76530 165.632
76540 165.647
76550 165.668
76560 165.672
76570 165.664
76580 165.67
76590 165.679
76600 165.702
76610 165.728
76620 165.748
76630 165.755
76640 165.758
76650 165.752
76660 165.744
76670 165.731
76680 165.727
76690 165.729
76700 165.752
76710 165.774
76720 165.795
76730 165.802
76740 165.813
76750 165.821
76760 165.821
76770 165.824
76780 165.819
76790 165.808
76800 165.804
76810 165.808
76820 165.813
76830 165.796
76840 165.785
76850 165.759
76860 165.731
76870 165.72
76880 165.698
76890 165.683
76900 165.684
76910 165.69
76920 165.688
76930 165.701
76940 165.715
76950 165.736
76960 165.759
76970 165.764
76980 165.763
76990 165.769
77000 165.768
77010 165.775
77020 165.771
77030 165.768
77040 165.757
77050 165.74
77060 165.727
77070 165.716
77080 165.712
77090 165.719
77100 165.734
77110 165.752
77120 165.767
77130 165.761
77140 165.753
77150 165.745
77160 165.746
77170 165.749
77180 165.75
77190 165.75
77200 165.747
77210 165.749
77220 165.79
77230 165.835
77240 165.868
77250 165.882
77260 165.894
77270 165.908
77280 165.924
77290 165.93
77300 165.945
77310 165.974
77320 166
77330 166.022
77340 166.02
77350 166.003
77360 165.992
77370 166.01
77380 166.034
77390 166.055
77400 166.067
77410 166.075
77420 166.079
77430 166.074
77440 166.074
77450 166.068
77460 166.058
77470 166.037
77480 166.025
77490 166.024
77500 166.039
77510 166.049
77520 166.058
77530 166.061
77540 166.069
77550 166.084
77560 166.105
77570 166.12
77580 166.13
77590 166.121
77600 166.11
77610 166.105
77620 166.107
77630 166.11
77640 166.1
77650 166.084
77660 166.069
77670 166.052
77680 166.04
77690 166.035
77700 166.018
77710 166.009
77720 165.995
77730 165.983
77740 165.989
77750 166.003
77760 166.033
77770 166.081
77780 166.126
77790 166.16
77800 166.186
77810 166.207
77820 166.201
77830 166.18
77840 166.164
77850 166.149
77860 166.128
77870 166.114
77880 166.107
77890 166.108
77900 166.124
77910 166.132
77920 166.167
77930 166.196
77940 166.201
77950 166.215
77960 166.233
77970 166.245
77980 166.259
77990 166.272
78000 166.289
78010 166.3
78020 166.296
78030 166.289
78040 166.287
78050 166.286
78060 166.286
78070 166.282
78080 166.275
78090 166.268
78100 166.265
78110 166.272
78120 166.272
78130 166.274
78140 166.272
78150 166.253
78160 166.236
78170 166.235
78180 166.235
78190 166.236
78200 166.247
78210 166.262
78220 166.275
78230 166.284
78240 166.29
78250 166.301
78260 166.284
78270 166.283
78280 166.275
78290 166.278
78300 166.284
78310 166.276
78320 166.27
78330 166.279
78340 166.285
78350 166.303
78360 166.339
78370 166.369
78380 166.389
78390 166.398
78400 166.38
78410 166.352
78420 166.32
78430 166.303
78440 166.283
78450 166.259
78460 166.244
78470 166.243
78480 166.245
78490 166.25
78500 166.265
78510 166.284
78520 166.303
78530 166.322
78540 166.331
78550 166.334
78560 166.346
78570 166.366
78580 166.375
78590 166.381
78600 166.392
78610 166.39
78620 166.384
78630 166.399
78640 166.421
78650 166.441
78660 166.458
78670 166.468
78680 166.469
78690 166.451
78700 166.448
78710 166.45
78720 166.449
78730 166.454
78740 166.454
78750 166.445
78760 166.435
78770 166.426
78780 166.4
78790 166.384
78800 166.378
78810 166.38
78820 166.372
78830 166.383
78840 166.403
78850 166.412
78860 166.402
78870 166.394
78880 166.392
78890 166.392
78900 166.386
78910 166.417
78920 166.458
78930 166.495
78940 166.497
78950 166.491
78960 166.492
78970 166.491
78980 166.501
78990 166.5
79000 166.507
79010 166.502
79020 166.471
79030 166.465
79040 166.47
79050 166.485
79060 166.491
79070 166.51
79080 166.53
79090 166.546
79100 166.56
79110 166.562
79120 166.554
79130 166.55
79140 166.555
79150 166.572
79160 166.603
79170 166.633
79180 166.648
79190 166.647
79200 166.645
79210 166.661
79220 166.677
79230 166.669
79240 166.658
79250 166.661
79260 166.685
79270 166.691
79280 166.684
79290 166.664
79300 166.654
79310 166.637
79320 166.624
79330 166.633
79340 166.643
79350 166.667
79360 166.672
79370 166.669
79380 166.668
79390 166.675
79400 166.68
79410 166.672
79420 166.66
79430 166.648
79440 166.633
79450 166.629
79460 166.621
79470 166.605
79480 166.597
79490 166.609
79500 166.637
79510 166.668
79520 166.702
79530 166.721
79540 166.713
79550 166.696
79560 166.677
79570 166.657
79580 166.662
79590 166.704
79600 166.73
79610 166.752
79620 166.777
79630 166.789
79640 166.809
79650 166.829
79660 166.867
79670 166.894
79680 166.91
79690 166.918
79700 166.914
79710 166.918
79720 166.922
79730 166.925
79740 166.924
79750 166.912
79760 166.902
79770 166.879
79780 166.869
79790 166.861
79800 166.859
79810 166.871
79820 166.88
79830 166.877
79840 166.878
79850 166.877
79860 166.875
79870 166.875
79880 166.884
79890 166.889
79900 166.875
79910 166.834
79920 166.797
79930 166.761
79940 166.74
79950 166.741
79960 166.733
79970 166.725
79980 166.724
79990 166.741
80000 166.758
80010 166.782
80020 166.803
80030 166.824
80040 166.84
80050 166.839
80060 166.844
80070 166.855
80080 166.856
80090 166.852
80100 166.849
80110 166.868
80120 166.896
80130 166.916
80140 166.938
80150 166.964
80160 166.972
80170 166.934
80180 166.887
80190 166.849
80200 166.807
80210 166.786
80220 166.781
80230 166.79
80240 166.805
80250 166.814
80260 166.839
80270 166.877
80280 166.902
80290 166.922
80300 166.942
80310 166.949
80320 166.941
80330 166.932
80340 166.917
80350 166.902
80360 166.904
80370 166.905
80380 166.92
80390 166.934
80400 166.944
80410 166.967
80420 166.997
80430 167.015
80440 167.03
80450 167.053
80460 167.082
80470 167.084
80480 167.078
80490 167.058
80500 167.039
80510 167.02
80520 167.024
80530 167.045
80540 167.065
80550 167.097
80560 167.107
80570 167.103
80580 167.114
80590 167.112
80600 167.084
80610 167.055
80620 167.025
80630 167.016
80640 167.005
80650 166.996
80660 166.998
80670 167.005
80680 167.014
80690 167.007
80700 167.011
80710 167.021
80720 167.039
80730 167.039
80740 167.035
80750 167.04
80760 167.029
80770 167.013
80780 167.005
80790 167.009
80800 167.029
80810 167.052
80820 167.069
80830 167.072
80840 167.077
80850 167.077
80860 167.075
80870 167.072
80880 167.071
80890 167.075
80900 167.089
80910 167.077
80920 167.074
80930 167.075
80940 167.079
80950 167.087
80960 167.084
80970 167.057
80980 167.045
80990 167.031
81000 167.011
81010 167.022
81020 167.033
81030 167.035
81040 167.04
81050 167.035
81060 167.037
81070 167.036
81080 167.028
81090 167.019
81100 167.011
81110 167.011
81120 167.008
81130 167.018
81140 167.043
81150 167.063
81160 167.077
81170 167.087
81180 167.1
81190 167.122
81200 167.148
81210 167.176
81220 167.194
81230 167.19
81240 167.172
81250 167.166
81260 167.155
81270 167.137
81280 167.116
81290 167.105
81300 167.101
81310 167.107
81320 167.106
81330 167.107
81340 167.114
81350 167.124
81360 167.133
81370 167.143
81380 167.157
81390 167.16
81400 167.161
81410 167.156
81420 167.151
81430 167.149
81440 167.148
81450 167.17
81460 167.205
81470 167.229
81480 167.221
81490 167.21
81500 167.218
81510 167.211
81520 167.217
81530 167.224
81540 167.215
81550 167.204
81560 167.194
81570 167.176
81580 167.169
81590 167.171
81600 167.172
81610 167.18
81620 167.199
81630 167.221
81640 167.248
81650 167.263
81660 167.285
81670 167.296
81680 167.287
81690 167.263
81700 167.256
81710 167.257
81720 167.265
81730 167.264
81740 167.264
81750 167.275
81760 167.293
81770 167.309
81780 167.314
81790 167.31
81800 167.299
81810 167.29
81820 167.279
81830 167.285
81840 167.272
81850 167.261
81860 167.268
81870 167.268
81880 167.262
81890 167.26
81900 167.271
81910 167.28
81920 167.278
81930 167.281
81940 167.285
81950 167.289
81960 167.293
81970 167.286
81980 167.288
81990 167.286
82000 167.294
82010 167.294
82020 167.29
82030 167.299
82040 167.315
82050 167.323
82060 167.317
82070 167.293
82080 167.295
82090 167.322
82100 167.348
82110 167.372
82120 167.409
82130 167.457
82140 167.486
82150 167.489
82160 167.478
82170 167.456
82180 167.424
82190 167.394
82200 167.374
82210 167.375
82220 167.4
82230 167.414
82240 167.436
82250 167.452
82260 167.474
82270 167.476
82280 167.472
82290 167.482
82300 167.499
82310 167.507
82320 167.501
82330 167.492
82340 167.497
82350 167.494
82360 167.494
82370 167.492
82380 167.495
82390 167.5
82400 167.503
82410 167.501
82420 167.494
82430 167.51
82440 167.517
82450 167.517
82460 167.522
82470 167.525
82480 167.526
82490 167.526
82500 167.517
82510 167.515
82520 167.503
82530 167.483
82540 167.474
82550 167.467
82560 167.454
82570 167.443
82580 167.433
82590 167.432
82600 167.437
82610 167.454
82620 167.465
82630 167.467
82640 167.487
82650 167.509
82660 167.526
82670 167.55
82680 167.555
82690 167.561
82700 167.57
82710 167.568
82720 167.564
82730 167.561
82740 167.54
82750 167.508
82760 167.486
82770 167.459
82780 167.442
82790 167.439
82800 167.451
82810 167.462
82820 167.462
82830 167.461
82840 167.462
82850 167.478
82860 167.483
82870 167.474
82880 167.475
82890 167.465
82900 167.464
82910 167.472
82920 167.482
82930 167.484
82940 167.486
82950 167.496
82960 167.506
82970 167.524
82980 167.536
82990 167.543
83000 167.554
83010 167.583
83020 167.613
83030 167.627
83040 167.631
83050 167.641
83060 167.647
83070 167.66
83080 167.678
83090 167.696
83100 167.711
83110 167.718
83120 167.714
83130 167.702
83140 167.685
83150 167.673
83160 167.678
83170 167.681
83180 167.695
83190 167.713
83200 167.713
83210 167.731
83220 167.763
83230 167.796
83240 167.817
83250 167.819
83260 167.824
83270 167.813
83280 167.79
83290 167.784
83300 167.782
83310 167.791
83320 167.794
83330 167.786
83340 167.763
83350 167.745
83360 167.731
83370 167.722
83380 167.73
83390 167.746
83400 167.774
83410 167.784
83420 167.79
83430 167.784
83440 167.766
83450 167.742
83460 167.737
83470 167.739
83480 167.739
83490 167.743
83500 167.75
83510 167.744
83520 167.723
83530 167.697
83540 167.688
83550 167.693
83560 167.693
83570 167.704
83580 167.724
83590 167.746
83600 167.762
83610 167.762
83620 167.763
83630 167.769
83640 167.76
83650 167.767
83660 167.78
83670 167.798
83680 167.815
83690 167.824
83700 167.836
83710 167.841
83720 167.846
83730 167.856
83740 167.863
83750 167.883
83760 167.901
83770 167.905
83780 167.911
83790 167.912
83800 167.908
83810 167.899
83820 167.897
83830 167.902
83840 167.908
83850 167.917
83860 167.919
83870 167.923
83880 167.919
83890 167.925
83900 167.944
83910 167.967
83920 167.986
83930 167.991
83940 167.982
83950 167.966
83960 167.926
83970 167.894
83980 167.872
83990 167.854
84000 167.849
84010 167.868
84020 167.904
84030 167.939
84040 167.973
84050 167.992
84060 168.005
84070 168.018
84080 168.039
84090 168.049
84100 168.045
84110 168.038
84120 168.031
84130 168.011
84140 167.993
84150 167.989
84160 167.989
84170 167.987
84180 167.986
84190 167.98
84200 167.992
84210 168.014
84220 168.034
84230 168.051
84240 168.061
84250 168.074
84260 168.087
84270 168.103
84280 168.126
84290 168.143
84300 168.165
84310 168.176
84320 168.163
84330 168.158
84340 168.197
84350 168.241
84360 168.269
84370 168.28
84380 168.284
84390 168.29
84400 168.295
84410 168.293
84420 168.286
84430 168.266
84440 168.236
84450 168.214
84460 168.205
84470 168.213
84480 168.23
84490 168.243
84500 168.241
84510 168.245
84520 168.248
84530 168.247
84540 168.255
84550 168.255
84560 168.239
84570 168.226
84580 168.223
84590 168.214
84600 168.203
84610 168.183
84620 168.159
84630 168.139
84640 168.116
84650 168.095
84660 168.087
84670 168.073
84680 168.077
84690 168.094
84700 168.099
84710 168.093
84720 168.085
84730 168.098
84740 168.12
84750 168.134
84760 168.135
84770 168.145
84780 168.16
84790 168.182
84800 168.191
84810 168.19
84820 168.174
84830 168.149
84840 168.131
84850 168.121
84860 168.133
84870 168.153
84880 168.162
84890 168.154
84900 168.142
84910 168.125
84920 168.109
84930 168.097
84940 168.083
84950 168.064
84960 168.05
84970 168.04
84980 168.033
84990 168.032
85000 168.044
