# Time-averaged data for fix f1
# TimeStep v_temperature v_energy v_pressure
1000 22915.1 -6.13563e+06 -47616.3
2000 424.517 -6.63851e+06 -138413
3000 318.334 -6.65079e+06 -132463
4000 302.926 -6.65648e+06 -130440
5000 299.916 -6.66031e+06 -129489
6000 322.207 -6.66331e+06 -127906
7000 288.803 -6.6677e+06 -126302
8000 316.223 -6.67069e+06 -124928
9000 308.825 -6.67472e+06 -123484
10000 293.985 -6.67782e+06 -122648
11000 973.614 -6.68086e+06 -20167.3
12000 1496.65 -6.69085e+06 -716.603
13000 1128.69 -6.706e+06 -548.951
14000 813.053 -6.71565e+06 -253.553
15000 647.191 -6.72115e+06 -165.254
16000 590.134 -6.72401e+06 69.9064
17000 554.425 -6.72615e+06 -185.263
18000 544.154 -6.72791e+06 -52.3206
19000 562.683 -6.72985e+06 -115.191
20000 513.037 -6.73183e+06 -85.8552
21000 470.953 -6.73331e+06 126.947
22000 461.987 -6.73432e+06 -30.7257
23000 450.453 -6.73524e+06 214.169
24000 433.08 -6.73613e+06 -57.8991
25000 435.529 -6.73668e+06 72.305
26000 420.887 -6.73737e+06 36.1423
27000 402.11 -6.73792e+06 -153.641
28000 396.028 -6.73825e+06 129.788
29000 411.521 -6.73851e+06 -57.0324
30000 403.385 -6.73925e+06 27.5202
31000 566.718 -6.73825e+06 110.669
32000 695.913 -6.73816e+06 17.5502
33000 673.536 -6.73935e+06 50.5027
34000 620.822 -6.74059e+06 120.77
35000 591.586 -6.74155e+06 -157.841
36000 551.851 -6.74266e+06 -22.3873
37000 536.046 -6.74344e+06 123.386
38000 519.448 -6.74421e+06 113.787
39000 536.002 -6.74485e+06 23.819
40000 522.122 -6.74558e+06 93.1629
41000 540.146 -6.74587e+06 -14.9318
42000 552.549 -6.74631e+06 -72.4001
43000 543.306 -6.74721e+06 -25.0369
44000 565.069 -6.74799e+06 -107.823
45000 581.193 -6.74903e+06 -87.8629
46000 564.875 -6.7503e+06 -82.1745
47000 561.684 -6.75094e+06 80.663
48000 564.523 -6.75167e+06 -118.744
49000 578.935 -6.75245e+06 70.483
50000 591.339 -6.75346e+06 -137.053
51000 595.215 -6.75463e+06 179.382
52000 573.822 -6.75571e+06 -57.6765
53000 569.39 -6.75663e+06 34.3057
54000 609.362 -6.75705e+06 -123.487
55000 642.389 -6.75873e+06 -80.7276
56000 655.986 -6.76028e+06 -129.327
57000 648.404 -6.7621e+06 150.305
58000 610.987 -6.76368e+06 -9.98496
59000 596.003 -6.76445e+06 177.665
60000 627.867 -6.76482e+06 -17.4345
61000 635.562 -6.76539e+06 -8.62188
62000 619.598 -6.76647e+06 0.721048
63000 607.131 -6.76729e+06 -48.9863
64000 614.359 -6.76774e+06 126.589
65000 605.141 -6.76839e+06 -0.668118
66000 599.912 -6.76871e+06 -67.6898
67000 602.197 -6.76889e+06 37.4551
68000 599.519 -6.76908e+06 91.5777
69000 611.77 -6.76935e+06 -144.052
70000 639.712 -6.76961e+06 143.227
71000 644.228 -6.77019e+06 132.847
72000 646.137 -6.77073e+06 -116.215
73000 645.018 -6.77127e+06 187.074
74000 665.906 -6.77177e+06 -59.0023
75000 675.898 -6.77264e+06 -28.0296
76000 712.996 -6.77343e+06 -85.0479
77000 781.665 -6.77402e+06 -180.288
78000 816.387 -6.77576e+06 125.405
79000 793.81 -6.77823e+06 190.941
80000 751.336 -6.78013e+06 103
81000 911.841 -6.77922e+06 -21.8409
82000 1106.46 -6.77836e+06 -28.4063
83000 1212.13 -6.77956e+06 38.8071
84000 1134.18 -6.78296e+06 112.745
85000 1007.6 -6.78596e+06 -327.517
86000 895.521 -6.78825e+06 77.2218
87000 851.016 -6.78975e+06 93.6175
88000 849.079 -6.79061e+06 -168.322
89000 812.195 -6.7916e+06 -24.4749
90000 768.544 -6.79262e+06 81.8209
91000 750.433 -6.79309e+06 -48.541
92000 771.2 -6.79332e+06 201.367
93000 765.997 -6.79401e+06 0.596669
94000 780.393 -6.79461e+06 145.577
95000 792.152 -6.79546e+06 92.9678
96000 766.634 -6.79649e+06 246.952
97000 755.56 -6.79733e+06 1.09718
98000 746.412 -6.79815e+06 21.6148
99000 787.416 -6.79821e+06 81.8123
100000 831.157 -6.79923e+06 -78.3395
101000 820.913 -6.80108e+06 -29.2649
102000 818.425 -6.80292e+06 -238.051
103000 762.991 -6.80451e+06 25.5926
104000 785.148 -6.80504e+06 39.9468
105000 757.379 -6.806e+06 -164.97
106000 740.736 -6.80689e+06 106.375
107000 710.444 -6.80759e+06 -90.3287
108000 714.941 -6.80793e+06 34.7172
109000 795.993 -6.8081e+06 200.957
110000 840.44 -6.80945e+06 50.4536
111000 1162.57 -6.80829e+06 -154.96
112000 1492.43 -6.80893e+06 -85.9369
113000 1356.48 -6.8148e+06 224.032
114000 1173.65 -6.82033e+06 -181.058
115000 1016.47 -6.82435e+06 384.588
116000 879.466 -6.82697e+06 -186.091
117000 782.482 -6.82842e+06 -5.53321
118000 738.42 -6.82916e+06 187.351
119000 720.261 -6.82985e+06 136.478
120000 719.466 -6.83e+06 -21.6804
121000 704.647 -6.83044e+06 57.1459
122000 681.411 -6.83096e+06 -61.6257
123000 681.142 -6.83105e+06 4.67493
124000 664.345 -6.83127e+06 -121.841
125000 680.568 -6.83122e+06 -14.3616
126000 668.878 -6.83154e+06 169.408
127000 672.326 -6.83174e+06 0.517737
128000 668.091 -6.83187e+06 8.20425
129000 661.878 -6.83208e+06 -13.9277
130000 678.237 -6.83243e+06 55.1848
131000 657.466 -6.83284e+06 -56.5094
132000 666.208 -6.83299e+06 152.794
133000 653.488 -6.83364e+06 -107.091
134000 656.62 -6.83393e+06 -89.6915
135000 619.262 -6.83438e+06 38.8462
136000 611.782 -6.83456e+06 -75.7213
137000 616.98 -6.83457e+06 -134.471
138000 629.515 -6.83461e+06 -272.84
139000 634.013 -6.83467e+06 55.9306
140000 645.179 -6.8347e+06 58.1928
141000 634.886 -6.83515e+06 30.9509
142000 624.677 -6.83543e+06 -222.883
143000 647.957 -6.83565e+06 26.1138
144000 637.987 -6.83618e+06 -0.25002
145000 626.086 -6.83664e+06 -28.2587
146000 637.414 -6.837e+06 67.9773
147000 615.788 -6.83754e+06 -138.191
148000 607.045 -6.83763e+06 -16.3518
149000 610.748 -6.83789e+06 85.5823
150000 596.651 -6.83835e+06 13.753
151000 598.947 -6.83839e+06 16.0077
152000 606.963 -6.8384e+06 58.2803
153000 601.432 -6.83872e+06 -78.0729
154000 594.39 -6.839e+06 57.0118
155000 577.68 -6.83936e+06 -48.7444
156000 561.182 -6.83956e+06 153.833
157000 566.644 -6.83954e+06 -100.049
158000 573.456 -6.8395e+06 34.5323
159000 559.94 -6.83986e+06 -36.4217
160000 565.884 -6.83992e+06 31.2558
161000 658.824 -6.83885e+06 18.2573
162000 745.301 -6.83801e+06 109.97
163000 758.547 -6.83803e+06 -54.0319
164000 721.117 -6.8386e+06 37.4762
165000 690.912 -6.83916e+06 -3.14816
166000 669.276 -6.83933e+06 92.7106
167000 677.465 -6.83937e+06 -47.2452
168000 660.193 -6.83963e+06 96.0444
169000 656.916 -6.83993e+06 -166.742
170000 640.405 -6.8403e+06 5.69408
171000 637.431 -6.84034e+06 40.828
172000 627.199 -6.84047e+06 9.33563
173000 617.775 -6.84061e+06 -19.0735
174000 618.548 -6.84081e+06 -3.13561
175000 598.377 -6.84128e+06 -109.262
176000 585.343 -6.84146e+06 116.702
177000 594.691 -6.84141e+06 -15.3349
178000 600.932 -6.84163e+06 17.8161
179000 592.08 -6.84189e+06 19.9429
180000 586.366 -6.84193e+06 -103.951
181000 588.297 -6.84201e+06 -139.876
182000 594.439 -6.84201e+06 -116.916
183000 594.64 -6.84199e+06 -90.715
184000 594.523 -6.84204e+06 8.65256
185000 586.183 -6.84218e+06 122.967
186000 589.065 -6.84227e+06 -29.8323
187000 588.191 -6.84237e+06 -7.3244
188000 571.938 -6.8426e+06 162.57
189000 576.159 -6.84275e+06 45.5252
190000 588.255 -6.84269e+06 -19.3561
191000 602.404 -6.84259e+06 -15.7935
192000 576.55 -6.84296e+06 -38.1344
193000 584.497 -6.84304e+06 -43.4166
194000 598.291 -6.84313e+06 -24.2054
195000 605.154 -6.84325e+06 26.849
196000 601.714 -6.84356e+06 -157.335
197000 589.648 -6.84388e+06 -269.494
198000 579.296 -6.84409e+06 -146.983
199000 586.817 -6.84419e+06 -35.3348
200000 584 -6.84435e+06 95.7499
201000 566.707 -6.84461e+06 -19.8368
202000 571.291 -6.84459e+06 -63.3216
203000 581.947 -6.84453e+06 107.504
204000 582.574 -6.84451e+06 43.4895
205000 571.715 -6.84471e+06 138.995
206000 582.539 -6.84484e+06 -158.982
207000 574.894 -6.84511e+06 12.2865
208000 586.327 -6.84524e+06 -14.2474
209000 597.674 -6.84539e+06 19.8231
210000 578.146 -6.84575e+06 -75.051
211000 574.375 -6.84599e+06 90.1404
212000 584.572 -6.84592e+06 -105.482
213000 606.374 -6.84587e+06 103.476
214000 591.361 -6.84626e+06 -10.3165
215000 572.613 -6.84664e+06 158.307
216000 570.848 -6.84689e+06 -59.5514
217000 575.488 -6.84689e+06 -31.8457
218000 574.395 -6.84701e+06 -41.0161
219000 559.824 -6.8472e+06 -91.1427
220000 557.344 -6.84719e+06 -22.3114
221000 557.484 -6.84727e+06 -222.648
222000 550.898 -6.84736e+06 -19.5546
223000 553.593 -6.84732e+06 -57.3644
224000 564.916 -6.84724e+06 39.1882
225000 569.68 -6.84724e+06 57.4373
226000 572.074 -6.8472e+06 249.598
227000 570.645 -6.84745e+06 -33.2186
228000 573.479 -6.84772e+06 -194.537
229000 568.327 -6.84783e+06 262.972
230000 561.744 -6.84787e+06 -54.9936
231000 561.423 -6.84787e+06 -34.787
232000 562.423 -6.84797e+06 -85.5132
233000 553.976 -6.84808e+06 66.3096
234000 561.071 -6.84805e+06 10.9865
235000 566.376 -6.84803e+06 -0.261744
236000 561.434 -6.84814e+06 75.6667
237000 558.107 -6.84822e+06 16.207
238000 556.71 -6.8483e+06 12.1958
239000 562.058 -6.84825e+06 -116.363
240000 569.746 -6.84827e+06 -6.98972
241000 560.755 -6.84854e+06 -99.8803
242000 555.875 -6.84873e+06 8.32256
243000 553.012 -6.84885e+06 39.7959
244000 565.627 -6.84882e+06 -14.8471
245000 572.603 -6.84884e+06 -12.0443
246000 572.015 -6.84895e+06 186.807
247000 573.765 -6.84913e+06 -46.1891
248000 581.782 -6.84921e+06 12.1315
249000 573.705 -6.84956e+06 -115.202
250000 566.713 -6.8498e+06 -132.385
251000 568.492 -6.84998e+06 158.678
252000 581.459 -6.85016e+06 -167.047
253000 582.031 -6.85043e+06 110.514
254000 593.491 -6.85074e+06 -0.5082
255000 590.252 -6.85111e+06 -15.2226
256000 570.137 -6.85163e+06 -25.5437
257000 568.244 -6.85187e+06 -146.047
258000 575.201 -6.85202e+06 110.422
259000 567.231 -6.85226e+06 -47.9788
260000 574.02 -6.85251e+06 29.6498
261000 555.666 -6.85293e+06 17.1794
262000 557.782 -6.85298e+06 -50.0504
263000 561.408 -6.85307e+06 48.6568
264000 553.406 -6.85331e+06 -104.784
265000 549.841 -6.85332e+06 218.837
266000 558.326 -6.85336e+06 150.156
267000 556.989 -6.85352e+06 7.51006
268000 549.189 -6.8537e+06 4.91035
269000 540.891 -6.85389e+06 -60.6996
270000 541.58 -6.85388e+06 19.3861
271000 548.334 -6.85388e+06 -39.2885
272000 556.437 -6.85401e+06 39.7077
273000 546.75 -6.85419e+06 124.192
274000 545.042 -6.85424e+06 -142.889
275000 543.655 -6.85427e+06 -109.913
276000 549.636 -6.85423e+06 26.5901
277000 562.712 -6.85418e+06 -80.7227
278000 554.583 -6.85428e+06 -105.887
279000 564.032 -6.85427e+06 0.751031
280000 574.574 -6.8546e+06 4.3782
281000 551.942 -6.855e+06 173.922
282000 549.376 -6.85515e+06 68.5352
283000 548.493 -6.85524e+06 -61.3134
284000 546.323 -6.8553e+06 167.995
285000 549.308 -6.8553e+06 -208.198
286000 556.167 -6.85533e+06 -151.483
287000 574.594 -6.85523e+06 -30.9067
288000 569.842 -6.85552e+06 -12.6044
289000 559.39 -6.85578e+06 -118.499
290000 570.667 -6.85593e+06 -199.193
291000 596.121 -6.85616e+06 2.5109
292000 593.851 -6.85692e+06 47.986
293000 561.29 -6.85761e+06 -72.1565
294000 557.041 -6.85783e+06 97.9184
295000 558.388 -6.85807e+06 78.4618
296000 549.149 -6.85813e+06 -8.66521
297000 552.103 -6.85814e+06 -0.732368
298000 542.637 -6.85831e+06 -26.6179
299000 540.115 -6.85836e+06 -0.758945
300000 544.192 -6.85838e+06 -87.6285
301000 546.058 -6.85839e+06 -78.6472
302000 542.929 -6.85841e+06 36.2533
303000 534.721 -6.85852e+06 -134.029
304000 536.979 -6.85851e+06 -26.2328
305000 539.669 -6.85848e+06 -42.0308
306000 544.918 -6.85844e+06 77.4058
307000 541.043 -6.85853e+06 107.957
308000 543.436 -6.85847e+06 82.0978
309000 553.848 -6.85836e+06 84.1385
310000 547.998 -6.8584e+06 8.10495
311000 543.448 -6.85843e+06 -119.836
312000 546.657 -6.85838e+06 29.1656
313000 550.251 -6.85836e+06 112.847
314000 552.596 -6.85835e+06 -34.6611
315000 544.034 -6.85848e+06 -27.7803
316000 548.281 -6.85842e+06 -46.4353
317000 552.87 -6.8584e+06 -31.6178
318000 540.852 -6.85858e+06 74.4315
319000 544.935 -6.8585e+06 43.0034
320000 544.95 -6.85841e+06 236.17
321000 541.628 -6.85843e+06 -166.61
322000 538.522 -6.85845e+06 37.2858
323000 545.742 -6.85838e+06 -119.287
324000 552.294 -6.85844e+06 1.22437
325000 576.317 -6.85873e+06 179.338
326000 556.123 -6.85918e+06 67.478
327000 543.914 -6.85937e+06 144.885
328000 542.675 -6.85942e+06 3.52432
329000 552.611 -6.85935e+06 20.0545
330000 557.594 -6.8594e+06 18.3176
331000 549.994 -6.85952e+06 -22.1672
332000 545.087 -6.85956e+06 -86.9611
333000 546.708 -6.85948e+06 55.8369
334000 547.504 -6.85948e+06 130.509
335000 547.426 -6.85947e+06 5.55427
336000 554.32 -6.85944e+06 -55.2098
337000 556.442 -6.85943e+06 -47.8948
338000 545.239 -6.85958e+06 52.1095
339000 544.755 -6.85962e+06 3.87464
340000 538.532 -6.85973e+06 73.6247
341000 543.482 -6.85968e+06 48.3637
342000 546.67 -6.85966e+06 -29.715
343000 544.719 -6.85971e+06 37.2981
344000 549.439 -6.85962e+06 55.343
345000 549.291 -6.85956e+06 -150.835
346000 541.105 -6.85964e+06 157.43
347000 542.654 -6.85962e+06 -87.8742
348000 549.738 -6.85953e+06 -63.6657
349000 543.768 -6.85967e+06 -35.793
350000 542.708 -6.85971e+06 69.4306
351000 546.027 -6.85976e+06 34.0821
352000 545.132 -6.85983e+06 41.5146
353000 545.104 -6.8599e+06 -82.313
354000 538.992 -6.85998e+06 108.407
355000 543.076 -6.85991e+06 -223.144
356000 543.336 -6.8599e+06 -49.8766
357000 564.895 -6.85978e+06 -33.6159
358000 582.285 -6.86012e+06 131.287
359000 585.625 -6.86061e+06 115.011
360000 644.851 -6.86131e+06 -110.461
